user_id,products,popular_score,imf_score
10150,[44281],0.0,0.0
41694,[57170],0.0,0.0
13167,[21413],0.0,0.0
2792,[123430],0.0,0.0
24939,[89728],0.0,0.0
25937,[230],0.0,0.0
28318,[37303],0.0,0.0
26264,[228],0.0,1.0
7464,[647],1.0,1.0
23575,[19194],0.0,0.0
41869,[69054],0.0,0.0
9742,[42855],0.0,0.0
22177,[12532],0.0,0.0
29092,[13334],0.0,0.0
9127,[1804],0.0,1.0
40652,[128123],0.0,0.0
31792,[107632],0.0,0.0
18383,[71292],0.0,0.0
16836,[66393],0.0,0.0
17655,[3778],0.0,0.0
34500,[113945],0.0,0.0
35051,[115284],0.0,0.0
21178,[79543],0.0,0.0
39381,[125437],0.0,0.0
30272,[67076],0.0,0.0
32857,[12573],0.0,0.0
37768,[2502],0.0,0.0
7363,[34028],0.0,0.0
30962,[95856],0.0,0.0
21043,[19040],0.0,0.0
24543,[1825],0.0,0.0
30816,[105105],0.0,0.0
43346,[134003],0.0,0.0
35855,[53793],0.0,0.0
28956,[88322],0.0,0.0
981,[5674],0.0,0.0
40993,[164994],0.0,0.0
28147,[98135],0.0,0.0
11742,[1149],0.0,0.0
1142,[6479],0.0,0.0
27133,[95364],0.0,0.0
6504,[30350],0.0,0.0
7425,[1545],0.0,0.0
5757,[26585],0.0,0.0
8173,[37079],0.0,0.0
34027,[112835],0.0,0.0
41639,[1498],0.0,0.0
20951,[984],0.0,0.0
22596,[145236],0.0,0.0
2246,[11821],0.0,0.0
36056,[70636],0.0,0.0
6441,[11372],0.0,0.0
15067,[34634],0.0,0.0
11730,[36517],0.0,0.0
38357,[150278],0.0,0.0
32221,[162386],0.0,0.0
33543,[14619],0.0,0.0
31053,[162019],0.0,0.0
28227,[98346],0.0,0.0
614,[3633],0.0,0.0
11599,[68743],0.0,0.0
21562,[40340],0.0,0.0
2330,[153212],0.0,0.0
17016,[40542],0.0,0.0
10254,[141220],0.0,0.0
6379,[28757],0.0,0.0
25798,[19442],0.0,1.0
6835,[31604],0.0,0.0
5249,[25191],0.0,0.0
38568,[13710],0.0,0.0
9523,[2176],0.0,0.0
18938,[72990],0.0,0.0
9479,[133535],0.0,0.0
42822,[132792],0.0,0.0
17955,[39097],0.0,0.0
29993,[102829],0.0,0.0
23437,[85762],0.0,0.0
14758,[59898],0.0,0.0
8647,[2600],0.0,0.0
20771,[72743],0.0,0.0
43853,[152066],0.0,0.0
2603,[13501],0.0,0.0
9980,[43687],0.0,0.0
27295,[95815],0.0,0.0
22602,[12004],0.0,0.0
11167,[47937],0.0,0.0
5787,[27233],0.0,0.0
5230,[25112],0.0,0.0
32686,[109675],0.0,0.0
19943,[4703],0.0,0.0
20779,[2713],0.0,0.0
6705,[16144],0.0,0.0
8833,[20618],0.0,0.0
3883,[19377],0.0,0.0
41891,[108863],0.0,0.0
4997,[24193],0.0,1.0
26405,[127676],0.0,0.0
15580,[4948],0.0,0.0
14759,[59902],0.0,0.0
2680,[87374],0.0,0.0
27396,[43910],0.0,0.0
17044,[67046],0.0,0.0
28681,[99497],0.0,0.0
15507,[157296],0.0,0.0
26822,[16366],0.0,0.0
37368,[23897],0.0,0.0
13766,[78719],0.0,0.0
18982,[73107],0.0,0.0
18383,[71301],0.0,0.0
3059,[15652],0.0,0.0
10513,[141303],0.0,0.0
6877,[31817],0.0,0.0
38535,[123453],0.0,0.0
8121,[15834],0.0,0.0
18311,[44349],0.0,0.0
18401,[71359],0.0,0.0
16170,[15569],0.0,0.0
11258,[48295],0.0,0.0
13827,[56888],0.0,0.0
16491,[65234],0.0,0.0
9678,[28045],0.0,0.0
35770,[163461],0.0,0.0
32985,[110344],0.0,0.0
1529,[5400],0.0,0.0
5260,[25229],0.0,0.0
21475,[80417],0.0,0.0
7588,[79],1.0,1.0
27216,[95603],0.0,0.0
28431,[14579],0.0,0.0
12001,[43032],0.0,0.0
35621,[116611],0.0,0.0
11105,[25645],0.0,0.0
26042,[92568],0.0,0.0
45148,[1696],1.0,0.0
8456,[122361],0.0,0.0
17964,[122230],0.0,0.0
21099,[79293],0.0,0.0
3934,[1224],0.0,0.0
38914,[14986],0.0,0.0
39261,[125117],0.0,0.0
16746,[66126],0.0,0.0
20107,[44834],0.0,0.0
40164,[119347],0.0,0.0
4272,[153783],0.0,0.0
12584,[52766],0.0,0.0
13238,[2114],0.0,0.0
25897,[41364],0.0,0.0
28731,[99658],0.0,0.0
38627,[50159],0.0,0.0
33482,[12733],0.0,1.0
39731,[23680],0.0,0.0
43912,[165910],0.0,0.0
30762,[86988],0.0,0.0
26028,[65065],0.0,0.0
18176,[135512],0.0,0.0
41261,[129490],0.0,0.0
10594,[524],0.0,0.0
25960,[18912],0.0,0.0
2580,[13376],0.0,0.0
44482,[73491],0.0,0.0
42016,[15554],0.0,0.0
38204,[1978],0.0,0.0
30177,[22825],0.0,0.0
36563,[33879],0.0,0.0
14171,[113727],0.0,0.0
4320,[21271],0.0,0.0
40255,[35461],0.0,0.0
38744,[150396],0.0,0.0
19980,[889],1.0,0.0
33410,[111344],0.0,0.0
10666,[2794],0.0,0.0
12385,[52081],0.0,0.0
25781,[57615],0.0,0.0
23176,[85011],0.0,0.0
20318,[77042],0.0,0.0
5789,[27239],0.0,0.0
12233,[2603],0.0,0.0
1772,[9526],0.0,0.0
28432,[2214],0.0,0.0
27117,[46275],0.0,0.0
29552,[101752],0.0,0.0
28839,[4319],0.0,0.0
5870,[27591],0.0,0.0
30778,[104945],0.0,0.0
8144,[138700],0.0,0.0
36734,[4958],0.0,0.0
13912,[13053],0.0,0.0
33204,[110867],0.0,0.0
35442,[85837],0.0,0.0
27414,[146810],0.0,0.0
30085,[45418],0.0,0.0
1518,[8369],0.0,0.0
17308,[19120],0.0,0.0
45110,[87220],0.0,0.0
42473,[1005],0.0,0.0
19655,[158573],0.0,0.0
36925,[119548],0.0,0.0
19954,[6767],0.0,0.0
31631,[107213],0.0,0.0
33780,[112247],0.0,0.0
40001,[11091],0.0,0.0
10800,[46696],0.0,0.0
3379,[17088],0.0,0.0
19958,[21398],0.0,0.0
19528,[6766],0.0,1.0
16171,[64308],0.0,0.0
15733,[16854],0.0,0.0
11191,[48012],0.0,0.0
5736,[3726],0.0,1.0
8104,[36830],0.0,0.0
12348,[51921],0.0,0.0
19452,[74490],0.0,0.0
35896,[117356],0.0,0.0
40433,[127654],0.0,0.0
44515,[7942],0.0,0.0
3617,[18269],0.0,0.0
4213,[59753],0.0,0.0
3204,[16275],0.0,0.0
34454,[113832],0.0,0.0
29663,[47749],0.0,0.0
29731,[33833],0.0,0.0
39091,[64311],0.0,0.0
17598,[971],0.0,0.0
870,[138035],0.0,0.0
10287,[141233],0.0,0.0
5486,[26162],0.0,0.0
1246,[7054],0.0,0.0
9904,[2592],0.0,0.0
19812,[53317],0.0,0.0
26762,[23476],0.0,0.0
11806,[50118],0.0,0.0
17479,[20095],0.0,0.0
31510,[106830],0.0,0.0
15898,[157425],0.0,0.0
12164,[51316],0.0,0.0
35987,[163519],0.0,0.0
42051,[165315],0.0,0.0
22717,[61527],0.0,0.0
3273,[153493],0.0,0.0
41084,[53848],0.0,0.0
4291,[15693],0.0,0.0
43739,[12920],0.0,0.0
41237,[28957],0.0,0.0
2807,[14517],0.0,0.0
8745,[39309],0.0,0.0
36764,[63336],0.0,0.0
9845,[43174],0.0,0.0
26723,[94307],0.0,0.0
40122,[79665],0.0,0.0
17284,[9993],0.0,1.0
33753,[1664],0.0,1.0
44423,[22462],0.0,0.0
8372,[109379],0.0,0.0
38295,[68440],0.0,0.0
38283,[122878],0.0,0.0
10307,[21959],0.0,0.0
41534,[94935],0.0,0.0
14236,[705],0.0,0.0
7492,[131916],0.0,0.0
41890,[130793],0.0,0.0
15171,[761],1.0,0.0
19675,[13583],0.0,0.0
21293,[31817],0.0,0.0
19772,[33285],0.0,0.0
37154,[25523],0.0,0.0
43674,[134690],0.0,0.0
38470,[89313],0.0,0.0
31582,[107048],0.0,0.0
9374,[41443],0.0,0.0
41027,[151119],0.0,0.0
5716,[26975],0.0,0.0
36464,[47907],0.0,0.0
7226,[33398],0.0,0.0
17541,[68695],0.0,0.0
20048,[76263],0.0,0.0
16624,[65769],0.0,0.0
23309,[31148],0.0,0.0
25016,[74084],0.0,0.0
10289,[8918],0.0,0.0
5400,[40407],0.0,0.0
39351,[125356],0.0,0.0
15489,[54056],0.0,0.0
9755,[27992],0.0,0.0
26972,[2245],0.0,0.0
182,[1083],0.0,0.0
12187,[51386],0.0,0.0
8503,[38385],0.0,0.0
741,[2419],0.0,0.0
21014,[79069],0.0,0.0
15024,[16088],0.0,0.0
8681,[79],1.0,0.0
27806,[97248],0.0,0.0
12762,[53283],0.0,0.0
21169,[79530],0.0,0.0
9599,[15468],0.0,1.0
29993,[102827],0.0,0.0
18160,[70641],0.0,0.0
4294,[21119],0.0,0.0
40191,[4707],1.0,0.0
33624,[24193],0.0,0.0
44018,[40324],0.0,0.0
4101,[20345],0.0,0.0
24947,[89745],0.0,0.0
32956,[15242],0.0,0.0
25812,[91972],0.0,0.0
40853,[700],1.0,1.0
33255,[77492],0.0,0.0
36745,[119054],0.0,0.0
21444,[27228],0.0,0.0
10697,[46328],0.0,0.0
37172,[149914],0.0,0.0
28680,[75414],0.0,0.0
24494,[88587],0.0,0.0
24738,[1827],0.0,0.0
7690,[35262],0.0,0.0
10605,[45972],0.0,0.0
42267,[33816],0.0,0.0
32922,[110203],0.0,0.0
30113,[103159],0.0,0.0
44633,[51615],0.0,0.0
33669,[118412],0.0,0.0
29108,[3573],0.0,1.0
83,[499],0.0,0.0
3474,[17608],0.0,0.0
42232,[54873],0.0,0.0
2170,[11438],0.0,0.0
302,[289],0.0,0.0
40583,[150986],0.0,0.0
44813,[42121],0.0,0.0
12387,[52090],0.0,0.0
30410,[103931],0.0,0.0
29907,[2492],0.0,0.0
34403,[163050],0.0,0.0
31415,[1664],0.0,1.0
7367,[34051],0.0,0.0
31316,[4307],0.0,0.0
18424,[13504],0.0,0.0
12549,[15836],0.0,0.0
13128,[54405],0.0,0.0
2231,[11730],0.0,0.0
8103,[154987],0.0,0.0
403,[2435],0.0,0.0
3200,[16269],0.0,0.0
37380,[120702],0.0,0.0
19326,[14060],0.0,0.0
28532,[99112],0.0,0.0
26767,[38513],0.0,0.0
27344,[6307],0.0,0.0
11819,[50177],0.0,0.0
20552,[77746],0.0,0.0
39306,[42614],0.0,0.0
3765,[18879],0.0,0.0
588,[3452],0.0,0.0
16063,[8897],0.0,0.0
626,[3760],0.0,0.0
40872,[128644],0.0,0.0
35098,[115383],0.0,0.0
26569,[51525],0.0,0.0
35171,[27472],0.0,0.0
11744,[141714],0.0,0.0
22734,[83781],0.0,0.0
8886,[39765],0.0,0.0
15218,[142858],0.0,0.0
25782,[35272],0.0,0.0
42516,[132130],0.0,0.0
556,[6990],0.0,0.0
39090,[9658],0.0,1.0
23019,[10969],0.0,0.0
37589,[20136],0.0,0.0
28008,[97741],0.0,0.0
7787,[35608],0.0,0.0
6862,[140088],0.0,0.0
11597,[141660],0.0,0.0
1708,[138320],0.0,0.0
513,[137914],0.0,0.0
31682,[107353],0.0,0.0
37517,[88753],0.0,0.0
40471,[12080],0.0,0.0
24957,[89763],0.0,0.0
33957,[112660],0.0,0.0
21863,[81498],0.0,0.0
34665,[114369],0.0,0.0
550,[3248],0.0,0.0
22110,[19229],0.0,0.0
39445,[38876],0.0,0.0
19891,[59453],0.0,0.0
15266,[14751],0.0,0.0
35571,[13855],0.0,0.0
6999,[49496],0.0,0.0
26066,[24178],0.0,0.0
6608,[12211],0.0,0.0
17457,[143576],0.0,0.0
5609,[193],1.0,1.0
9841,[1500],0.0,0.0
44489,[37191],0.0,0.0
36994,[40363],0.0,0.0
34767,[114611],0.0,0.0
3174,[16166],0.0,0.0
6927,[32010],0.0,0.0
4053,[12355],0.0,0.0
1220,[6739],0.0,0.0
33432,[111443],0.0,0.0
11603,[49546],0.0,0.0
7064,[2131],0.0,0.0
2885,[14844],0.0,0.0
45148,[137659],0.0,0.0
26909,[160788],0.0,0.0
1433,[7953],0.0,0.0
12854,[3066],0.0,0.0
24640,[82240],0.0,0.0
35044,[53142],0.0,0.0
34176,[113202],0.0,0.0
31167,[20578],0.0,0.0
35662,[12620],0.0,0.0
72,[422],0.0,0.0
42274,[131610],0.0,0.0
24011,[15311],0.0,0.0
24981,[89864],0.0,0.0
12605,[52830],0.0,0.0
5333,[139558],0.0,0.0
41237,[52496],0.0,0.0
25494,[36930],0.0,0.0
25126,[96743],0.0,0.0
2210,[10571],0.0,0.0
19537,[74765],0.0,0.0
2363,[12333],0.0,0.0
20179,[6120],0.0,0.0
4479,[21887],0.0,0.0
11987,[15319],0.0,0.0
5797,[43841],0.0,0.0
17174,[67534],0.0,0.0
9700,[42641],0.0,0.0
29051,[37540],0.0,0.0
38360,[3831],1.0,0.0
15904,[63400],0.0,0.0
33660,[111937],0.0,0.0
16759,[5338],0.0,0.0
41832,[657],1.0,0.0
30634,[48809],0.0,0.0
8528,[38464],0.0,0.0
8644,[140725],0.0,0.0
308,[94000],0.0,0.0
37642,[121414],0.0,0.0
35037,[5701],1.0,0.0
19692,[75197],0.0,0.0
31337,[17572],0.0,0.0
44230,[70865],0.0,0.0
12134,[51190],0.0,0.0
38726,[15346],0.0,0.0
42019,[66484],0.0,0.0
29150,[100743],0.0,0.0
32595,[12591],0.0,0.0
38589,[848],1.0,1.0
40067,[164730],0.0,0.0
32619,[2656],0.0,0.0
43898,[119022],0.0,0.0
7220,[33359],0.0,0.0
34418,[9996],0.0,1.0
23785,[647],1.0,1.0
23011,[10569],0.0,0.0
39429,[125561],0.0,0.0
5245,[25167],0.0,0.0
14185,[104196],0.0,0.0
32460,[60222],0.0,0.0
17380,[3810],0.0,0.0
31834,[148186],0.0,0.0
20724,[78241],0.0,0.0
39593,[11234],0.0,0.0
5207,[25041],0.0,0.0
33326,[26463],0.0,0.0
39826,[1048],0.0,0.0
15675,[62711],0.0,0.0
35564,[53036],0.0,0.0
29193,[100826],0.0,0.0
10755,[12969],0.0,0.0
13300,[42850],0.0,0.0
7638,[35051],0.0,0.0
15365,[77513],0.0,0.0
29947,[102729],0.0,0.0
17570,[68783],0.0,0.0
44134,[152146],0.0,0.0
14565,[28234],0.0,0.0
43623,[134589],0.0,0.0
37424,[11652],0.0,0.0
41501,[536],1.0,0.0
16062,[21034],0.0,0.0
41029,[120172],0.0,0.0
26994,[95027],0.0,0.0
29790,[161663],0.0,0.0
13228,[54688],0.0,0.0
16775,[66206],0.0,0.0
8922,[8734],0.0,0.0
44238,[45900],0.0,0.0
6846,[31660],0.0,0.0
44761,[8668],0.0,0.0
12843,[53505],0.0,0.0
10808,[17594],0.0,0.0
44076,[11051],0.0,0.0
23299,[85324],0.0,0.0
1249,[138166],0.0,0.0
29066,[531],0.0,0.0
25161,[90272],0.0,0.0
21945,[81811],0.0,0.0
12127,[51150],0.0,0.0
40778,[7575],0.0,0.0
36753,[119070],0.0,0.0
8053,[42865],0.0,0.0
15290,[8559],0.0,0.0
74,[437],0.0,0.0
44664,[152310],0.0,0.0
22737,[8552],0.0,0.0
35666,[86155],0.0,0.0
3178,[4619],0.0,1.0
17056,[46641],0.0,0.0
207,[788],0.0,1.0
13436,[55380],0.0,0.0
25866,[60306],0.0,0.0
36062,[44570],0.0,0.0
1077,[138110],0.0,0.0
43584,[134517],0.0,0.0
23770,[12300],0.0,0.0
32001,[162316],0.0,0.0
44358,[15593],0.0,0.0
5581,[1248],0.0,0.0
43664,[134667],0.0,0.0
37722,[42031],0.0,0.0
3099,[15845],0.0,0.0
16638,[44824],0.0,0.0
33103,[110639],0.0,0.0
38153,[6622],0.0,0.0
38447,[150307],0.0,0.0
33547,[27714],0.0,0.0
10728,[46413],0.0,0.0
9709,[3562],0.0,0.0
1665,[9078],0.0,0.0
28225,[64312],0.0,0.0
14680,[59669],0.0,0.0
43256,[119989],0.0,0.0
35052,[98169],0.0,0.0
39690,[38],0.0,0.0
41077,[61713],0.0,0.0
8947,[39999],0.0,0.0
25849,[16236],0.0,0.0
5904,[27729],0.0,0.0
20681,[78099],0.0,0.0
17868,[9052],0.0,0.0
23055,[84668],0.0,0.0
21676,[80977],0.0,0.0
349,[2069],0.0,0.0
5228,[101553],0.0,0.0
13157,[54479],0.0,0.0
44475,[136233],0.0,0.0
37761,[10853],0.0,0.0
29141,[692],0.0,0.0
27509,[9948],0.0,0.0
29668,[21441],0.0,0.0
43556,[12417],0.0,0.0
10995,[47413],0.0,0.0
30912,[161978],0.0,0.0
30532,[104233],0.0,0.0
19859,[7052],0.0,0.0
44637,[64395],0.0,0.0
26630,[94006],0.0,0.0
17613,[822],0.0,0.0
4763,[23262],0.0,0.0
32094,[19824],0.0,0.0
1604,[8777],0.0,0.0
30350,[103771],0.0,0.0
31796,[57295],0.0,0.0
10641,[2501],1.0,1.0
20526,[34474],0.0,0.0
25169,[15331],0.0,0.0
43698,[134714],0.0,0.0
32086,[108228],0.0,0.0
21302,[79868],0.0,0.0
2233,[11757],0.0,1.0
23442,[85666],0.0,0.0
36365,[6107],0.0,0.0
43632,[63339],0.0,0.0
41217,[129317],0.0,0.0
23749,[139999],0.0,0.0
20791,[158936],0.0,0.0
28846,[12733],0.0,0.0
2178,[138478],0.0,0.0
35391,[1969],0.0,0.0
31258,[10631],0.0,0.0
35533,[149389],0.0,0.0
22313,[65910],0.0,0.0
17278,[67879],0.0,0.0
13805,[56826],0.0,0.0
29530,[42472],0.0,0.0
11258,[13951],0.0,0.0
29549,[85048],0.0,0.0
10906,[18078],0.0,0.0
10772,[46573],0.0,0.0
40782,[108524],0.0,0.0
33489,[148709],0.0,0.0
29082,[100586],0.0,0.0
4275,[3427],0.0,0.0
7803,[36398],0.0,0.0
31920,[28055],0.0,0.0
18739,[72412],0.0,0.0
24668,[89012],0.0,0.0
37009,[48820],0.0,0.0
9512,[31336],0.0,0.0
35219,[49932],0.0,0.0
43125,[24578],0.0,0.0
27159,[66654],0.0,0.0
26008,[8121],0.0,0.0
24336,[5371],0.0,0.0
33928,[27637],0.0,0.0
33709,[51710],0.0,0.0
38245,[150243],0.0,0.0
3501,[7441],0.0,0.0
40488,[2069],0.0,1.0
10087,[44061],0.0,0.0
26600,[16962],0.0,0.0
24877,[145989],0.0,0.0
37410,[107413],0.0,0.0
9132,[140878],0.0,0.0
20632,[144622],0.0,0.0
44396,[42239],0.0,0.0
35120,[115455],0.0,0.0
23843,[86944],0.0,0.0
10781,[28852],0.0,0.0
33860,[112424],0.0,0.0
15605,[124783],0.0,0.0
11374,[50],0.0,0.0
44906,[37101],0.0,0.0
28512,[15225],0.0,0.0
26345,[146454],0.0,0.0
42397,[131888],0.0,0.0
12626,[47460],0.0,0.0
15765,[41486],0.0,0.0
13603,[55969],0.0,0.0
4962,[139446],0.0,0.0
34527,[33110],0.0,0.0
36308,[101285],0.0,0.0
34668,[114386],0.0,0.0
13717,[43491],0.0,0.0
36090,[73235],0.0,0.0
23379,[85521],0.0,0.0
606,[3565],0.0,0.0
28882,[47382],0.0,0.0
19217,[10501],0.0,0.0
35660,[92813],0.0,0.0
28481,[34938],0.0,0.0
1502,[11263],0.0,0.0
10834,[3195],0.0,0.0
6278,[29209],0.0,0.0
31918,[107848],0.0,0.0
11751,[96],0.0,1.0
39392,[125474],0.0,0.0
19280,[74024],0.0,0.0
29342,[34848],0.0,0.0
9554,[4195],0.0,0.0
19192,[73794],0.0,0.0
33816,[89683],0.0,0.0
22773,[11171],0.0,0.0
35027,[40623],0.0,0.0
37362,[120656],0.0,0.0
32463,[25026],0.0,0.0
8053,[10037],0.0,0.0
30956,[74969],0.0,0.0
25300,[90683],0.0,0.0
34577,[12151],0.0,0.0
2772,[14255],0.0,0.0
7542,[33038],0.0,0.0
20682,[6617],0.0,0.0
23290,[85301],0.0,0.0
19011,[73208],0.0,0.0
10493,[45481],0.0,0.0
1830,[9793],0.0,0.0
39336,[150568],0.0,0.0
1749,[14585],0.0,0.0
40593,[127991],0.0,0.0
10395,[3728],0.0,0.0
19100,[73488],0.0,0.0
15494,[114310],0.0,0.0
26544,[3573],0.0,0.0
43179,[133582],0.0,0.0
26879,[76247],0.0,0.0
43456,[62039],0.0,0.0
20912,[268],0.0,0.0
28192,[98244],0.0,0.0
23475,[76436],0.0,0.0
8786,[39442],0.0,0.0
41017,[128929],0.0,0.0
40359,[127505],0.0,0.0
33502,[111601],0.0,0.0
20916,[51816],0.0,0.0
15790,[43031],0.0,1.0
42136,[36785],0.0,0.0
8149,[36998],0.0,0.0
36118,[92832],0.0,0.0
23216,[85142],0.0,0.0
13507,[155254],0.0,0.0
27392,[4909],0.0,0.0
16068,[21403],0.0,0.0
5636,[19948],0.0,0.0
23875,[159901],0.0,0.0
13338,[55019],0.0,0.0
33562,[10159],0.0,0.0
23109,[17668],0.0,1.0
35113,[115417],0.0,0.0
26223,[33317],0.0,0.0
2672,[5082],0.0,0.0
37505,[15353],0.0,0.0
20410,[77247],0.0,0.0
27449,[89150],0.0,0.0
29333,[101203],0.0,0.0
44636,[152301],0.0,0.0
40735,[37380],0.0,0.0
16022,[63758],0.0,0.0
28787,[99839],0.0,0.0
17822,[69610],0.0,0.0
44677,[24977],0.0,1.0
1574,[8595],0.0,0.0
2244,[138496],0.0,0.0
15077,[247],0.0,0.0
18164,[37027],0.0,0.0
1102,[6282],0.0,0.0
12755,[13956],0.0,0.0
35527,[116382],0.0,0.0
25575,[91358],0.0,0.0
34244,[148956],0.0,0.0
10693,[6269],0.0,0.0
20287,[56696],0.0,0.0
28352,[5283],0.0,0.0
10540,[45734],0.0,0.0
17153,[21395],0.0,0.0
1604,[8780],0.0,0.0
44170,[848],1.0,0.0
2970,[15272],0.0,0.0
28759,[39771],0.0,0.0
30566,[104314],0.0,0.0
41847,[165262],0.0,0.0
18632,[29216],0.0,0.0
14673,[59650],0.0,0.0
37883,[110978],0.0,0.0
17988,[103],0.0,0.0
7036,[32464],0.0,0.0
2726,[14075],0.0,0.0
31366,[106480],0.0,0.0
21787,[37269],0.0,0.0
37357,[120649],0.0,0.0
2675,[4062],0.0,0.0
34628,[114290],0.0,0.0
32000,[162315],0.0,0.0
27101,[6107],0.0,1.0
10232,[6933],0.0,0.0
12458,[5080],0.0,0.0
18712,[10604],0.0,1.0
35843,[117168],0.0,0.0
6099,[8128],0.0,1.0
8954,[1928],1.0,0.0
7149,[32975],0.0,0.0
30652,[104604],0.0,0.0
43889,[165901],0.0,0.0
30393,[6032],0.0,1.0
21753,[54276],0.0,0.0
30474,[104099],0.0,0.0
16298,[848],1.0,0.0
31640,[10422],0.0,0.0
4005,[11355],0.0,0.0
23379,[85594],0.0,0.0
877,[138037],0.0,0.0
40532,[1917],0.0,0.0
9425,[7017],0.0,1.0
32539,[162485],0.0,0.0
19532,[58847],0.0,0.0
146,[900],0.0,0.0
19292,[74050],0.0,0.0
24553,[2518],0.0,0.0
868,[5024],0.0,0.0
8694,[5899],0.0,0.0
39165,[1686],0.0,1.0
43734,[152029],0.0,0.0
30129,[103200],0.0,0.0
5785,[154224],0.0,0.0
11069,[47622],0.0,0.0
39456,[150601],0.0,0.0
40261,[33664],0.0,0.0
18028,[143768],0.0,0.0
29675,[5690],0.0,0.0
13433,[644],0.0,1.0
17022,[66976],0.0,0.0
33027,[65771],0.0,0.0
6750,[31216],0.0,0.0
15877,[63318],0.0,0.0
16232,[62198],0.0,0.0
878,[4112],0.0,0.0
34039,[112870],0.0,0.0
40771,[128390],0.0,0.0
37017,[10935],0.0,0.0
10814,[49565],0.0,0.0
217,[1321],0.0,0.0
3873,[8247],0.0,0.0
21365,[31600],0.0,0.0
14603,[59452],0.0,0.0
17203,[48822],0.0,0.0
6600,[38260],0.0,0.0
44954,[137271],0.0,0.0
38239,[122750],0.0,0.0
44831,[137040],0.0,0.0
10916,[6269],0.0,1.0
37662,[121460],0.0,0.0
40188,[105773],0.0,0.0
38004,[45892],0.0,0.0
42209,[131471],0.0,0.0
24589,[88824],0.0,0.0
26851,[146607],0.0,0.0
2004,[10661],0.0,0.0
26725,[4499],0.0,0.0
32571,[2929],0.0,0.0
36704,[2560],0.0,0.0
10220,[14106],0.0,0.0
44654,[152307],0.0,0.0
32436,[9333],0.0,0.0
37076,[31416],0.0,0.0
728,[137989],0.0,0.0
1957,[10402],0.0,0.0
9496,[41942],0.0,0.0
17756,[69342],0.0,0.0
15763,[4793],0.0,0.0
39796,[86986],0.0,0.0
44292,[5032],0.0,1.0
31636,[107227],0.0,0.0
3024,[15518],0.0,0.0
5226,[25092],0.0,0.0
19433,[55967],0.0,0.0
14145,[35258],0.0,0.0
24163,[87711],0.0,0.0
7093,[10092],0.0,0.0
19522,[74701],0.0,0.0
19468,[7853],0.0,0.0
35881,[25226],0.0,0.0
30964,[69536],0.0,0.0
18102,[70492],0.0,0.0
16866,[48712],0.0,0.0
13908,[10755],0.0,0.0
36670,[118908],0.0,0.0
17461,[68486],0.0,0.0
14219,[99239],0.0,0.0
12412,[52183],0.0,0.0
37223,[59595],0.0,0.0
15967,[63587],0.0,0.0
14358,[20450],0.0,0.0
1948,[647],1.0,1.0
22319,[5222],0.0,0.0
37811,[121734],0.0,0.0
14311,[11708],0.0,0.0
18251,[29137],0.0,0.0
8620,[38842],0.0,0.0
27917,[97518],0.0,0.0
22510,[83168],0.0,0.0
18705,[72284],0.0,0.0
32730,[67520],0.0,0.0
39846,[26859],0.0,0.0
393,[2357],0.0,0.0
4973,[5311],0.0,0.0
42539,[43759],0.0,0.0
11849,[50289],0.0,0.0
45108,[15910],0.0,1.0
10449,[45327],0.0,0.0
9029,[21128],0.0,0.0
13857,[40934],0.0,0.0
16703,[96450],0.0,0.0
31878,[107796],0.0,0.0
25123,[90204],0.0,0.0
32331,[131],0.0,0.0
40102,[5223],0.0,0.0
9691,[25455],0.0,0.0
1839,[9836],0.0,0.0
24907,[89657],0.0,0.0
6339,[29535],0.0,0.0
40439,[8895],0.0,0.0
38192,[150223],0.0,0.0
41354,[165109],0.0,0.0
9046,[9735],0.0,0.0
8861,[39681],0.0,0.0
25929,[39088],0.0,0.0
2563,[13304],0.0,0.0
44750,[38779],0.0,0.0
33181,[110815],0.0,0.0
6877,[1296],0.0,0.0
41588,[10276],0.0,0.0
36991,[149857],0.0,0.0
39275,[125152],0.0,0.0
37187,[120247],0.0,0.0
20857,[10991],0.0,0.0
124,[750],0.0,0.0
43640,[30134],0.0,0.0
23306,[141306],0.0,0.0
20226,[889],1.0,0.0
22771,[19093],0.0,0.0
41360,[2245],0.0,1.0
41748,[3696],0.0,1.0
2353,[26301],0.0,0.0
227,[1414],0.0,0.0
4972,[24098],0.0,0.0
40256,[56645],0.0,0.0
12039,[37325],0.0,0.0
40393,[20081],0.0,0.0
39363,[39672],0.0,0.0
7540,[34710],0.0,0.0
8205,[37197],0.0,0.0
15502,[3223],0.0,0.0
43174,[133563],0.0,0.0
6463,[30164],0.0,0.0
9311,[22866],0.0,0.0
20037,[32300],0.0,0.0
42154,[15814],0.0,0.0
28950,[161415],0.0,0.0
42602,[42385],0.0,0.0
14670,[59639],0.0,0.0
37398,[851],0.0,0.0
7736,[35451],0.0,0.0
16521,[25065],0.0,0.0
5723,[13774],0.0,0.0
8448,[38185],0.0,0.0
44491,[42494],0.0,0.0
33549,[16077],0.0,0.0
18249,[22073],0.0,0.0
975,[5635],0.0,0.0
33398,[111299],0.0,0.0
21989,[43447],0.0,0.0
29884,[89321],0.0,0.0
16265,[64563],0.0,0.0
2945,[15134],0.0,0.0
35818,[117116],0.0,0.0
12498,[52441],0.0,0.0
5960,[20213],0.0,0.0
35731,[14804],0.0,0.0
43782,[53453],0.0,0.0
2664,[12292],0.0,0.0
31478,[25520],0.0,0.0
10130,[20934],0.0,1.0
28160,[161175],0.0,0.0
12328,[51867],0.0,0.0
14605,[5925],0.0,0.0
7475,[34473],0.0,0.0
23394,[85656],0.0,0.0
23310,[85343],0.0,0.0
8249,[28383],0.0,0.0
29723,[102158],0.0,0.0
31066,[105693],0.0,0.0
43682,[22568],0.0,0.0
3057,[4048],0.0,0.0
3928,[5318],0.0,0.0
15081,[55985],0.0,0.0
17444,[68449],0.0,0.0
43669,[6859],0.0,0.0
22400,[14169],0.0,0.0
6331,[15710],0.0,0.0
16016,[37081],0.0,0.0
29602,[101871],0.0,0.0
26563,[93839],0.0,0.0
19272,[26049],0.0,0.0
37398,[89506],0.0,0.0
43225,[7],0.0,0.0
24090,[87535],0.0,0.0
23052,[70304],0.0,0.0
19539,[37682],0.0,0.0
6057,[28308],0.0,0.0
38501,[11302],0.0,0.0
30171,[161781],0.0,0.0
44611,[166098],0.0,0.0
19110,[55853],0.0,0.0
3914,[19325],0.0,0.0
22018,[64353],0.0,0.0
9164,[40732],0.0,0.0
18079,[50580],0.0,0.0
38045,[8043],0.0,0.0
10604,[262],0.0,0.0
37177,[4704],0.0,0.0
6348,[29620],0.0,0.0
18574,[71857],0.0,0.0
44162,[23546],0.0,0.0
14922,[61024],0.0,0.0
13916,[57210],0.0,0.0
5263,[25251],0.0,0.0
34601,[12041],0.0,0.0
34131,[8644],0.0,0.0
7953,[26049],0.0,0.0
2235,[11770],0.0,0.0
14593,[59427],0.0,0.0
21833,[81422],0.0,0.0
38188,[122617],0.0,0.0
25184,[25673],0.0,0.0
11086,[28401],0.0,0.0
26627,[146542],0.0,0.0
38515,[41115],0.0,0.0
15672,[62696],0.0,0.0
9610,[23008],0.0,0.0
29940,[86276],0.0,0.0
9214,[112],0.0,1.0
23449,[92736],0.0,0.0
27580,[7624],0.0,1.0
14370,[58713],0.0,0.0
4144,[20511],0.0,0.0
37142,[120171],0.0,0.0
39010,[124511],0.0,0.0
42528,[37538],0.0,0.0
15829,[56563],0.0,0.0
10975,[47336],0.0,0.0
21352,[80073],0.0,0.0
11539,[49294],0.0,0.0
37004,[119840],0.0,0.0
25321,[146135],0.0,0.0
21099,[79290],0.0,0.0
32986,[42217],0.0,0.0
28719,[1551],0.0,0.0
25753,[35818],0.0,0.0
4842,[23561],0.0,0.0
39373,[45482],0.0,0.0
13233,[54712],0.0,0.0
16709,[10977],0.0,1.0
37410,[120839],0.0,0.0
21191,[10416],0.0,0.0
12465,[141949],0.0,0.0
26076,[92645],0.0,0.0
43251,[117918],0.0,0.0
5447,[26017],0.0,0.0
14802,[60057],0.0,0.0
549,[3236],0.0,0.0
22293,[82609],0.0,0.0
43104,[62794],0.0,0.0
28113,[17952],0.0,0.0
22052,[39680],0.0,0.0
5145,[24809],0.0,0.0
23237,[145447],0.0,0.0
17881,[15178],0.0,0.0
6152,[28722],0.0,0.0
31504,[14392],0.0,0.0
21899,[81650],0.0,0.0
10694,[2379],0.0,0.0
1018,[2506],0.0,0.0
4319,[21268],0.0,0.0
41478,[50593],0.0,0.0
29761,[54345],0.0,0.0
31438,[106633],0.0,0.0
7456,[140316],0.0,0.0
15541,[62126],0.0,0.0
30846,[85658],0.0,0.0
21287,[79826],0.0,0.0
37507,[121086],0.0,0.0
44887,[137140],0.0,0.0
16690,[13152],0.0,0.0
36038,[117649],0.0,0.0
42295,[80802],0.0,0.0
1893,[10074],0.0,0.0
7844,[34345],0.0,0.0
20004,[28953],0.0,0.0
6415,[89418],0.0,0.0
8657,[13021],0.0,0.0
43280,[5506],0.0,0.0
35334,[115986],0.0,0.0
37299,[14749],0.0,0.0
35810,[117070],0.0,0.0
7311,[33751],0.0,0.0
1276,[7208],0.0,0.0
43065,[26608],0.0,0.0
26802,[94546],0.0,0.0
15867,[44708],0.0,0.0
26951,[57176],0.0,0.0
18638,[72049],0.0,0.0
32130,[25060],0.0,0.0
28906,[45449],0.0,0.0
22699,[78268],0.0,0.0
2055,[10922],0.0,0.0
25471,[38586],0.0,0.0
6297,[3221],0.0,0.0
15591,[62274],0.0,0.0
9011,[155289],0.0,0.0
29335,[27193],0.0,0.0
10990,[47388],0.0,0.0
42435,[131980],0.0,0.0
12994,[53969],0.0,0.0
1783,[9568],0.0,0.0
34283,[148966],0.0,0.0
11836,[50250],0.0,0.0
3761,[3153],0.0,0.0
16853,[8402],0.0,0.0
21852,[75902],0.0,0.0
12726,[6718],0.0,0.0
2749,[14137],0.0,0.0
34168,[5452],0.0,0.0
8243,[1919],1.0,1.0
31782,[75710],0.0,0.0
1210,[6856],0.0,0.0
32964,[41823],0.0,0.0
28073,[57588],0.0,0.0
32811,[72930],0.0,0.0
12856,[18138],0.0,0.0
38026,[18074],0.0,0.0
5217,[154065],0.0,0.0
3947,[17245],0.0,0.0
1352,[9871],0.0,0.0
22354,[151031],0.0,0.0
5079,[24557],0.0,0.0
5522,[26292],0.0,0.0
2776,[393],0.0,0.0
15706,[126466],0.0,0.0
3757,[577],0.0,0.0
41979,[8114],0.0,0.0
24437,[57049],0.0,0.0
5946,[27905],0.0,0.0
25762,[91848],0.0,0.0
19770,[144328],0.0,0.0
14562,[59307],0.0,0.0
15636,[62520],0.0,0.0
11183,[47987],0.0,0.0
5364,[25640],0.0,0.0
44202,[152166],0.0,0.0
37200,[55706],0.0,0.0
28922,[55207],0.0,0.0
4119,[20405],0.0,0.0
23090,[12485],0.0,0.0
6624,[30791],0.0,0.0
24831,[160168],0.0,0.0
44213,[11876],0.0,0.0
788,[4597],0.0,0.0
6359,[32124],0.0,0.0
35950,[80892],0.0,0.0
14055,[49243],0.0,0.0
109,[671],0.0,0.0
4139,[20492],0.0,0.0
31582,[107053],0.0,0.0
36408,[149672],0.0,0.0
44345,[104200],0.0,0.0
25620,[160406],0.0,0.0
9633,[155479],0.0,0.0
18038,[70314],0.0,0.0
31472,[63157],0.0,0.0
28877,[32874],0.0,0.0
38492,[37286],0.0,0.0
7420,[34260],0.0,0.0
22089,[82145],0.0,0.0
40643,[4156],0.0,0.0
24998,[10905],0.0,0.0
13720,[56375],0.0,0.0
17536,[68684],0.0,0.0
1284,[7238],0.0,0.0
32052,[108138],0.0,0.0
44322,[87868],0.0,0.0
12691,[53104],0.0,0.0
16159,[24580],0.0,0.0
16125,[64172],0.0,0.0
6945,[32088],0.0,0.0
40312,[18781],0.0,0.0
36984,[119792],0.0,0.0
6310,[29353],0.0,0.0
24870,[89586],0.0,0.0
28544,[147149],0.0,0.0
13176,[19965],0.0,0.0
10684,[46257],0.0,0.0
3152,[61436],0.0,0.0
25283,[25645],0.0,0.0
15937,[5734],0.0,0.0
5670,[26826],0.0,0.0
15844,[63201],0.0,0.0
26128,[512],0.0,1.0
38175,[27001],0.0,0.0
22808,[109512],0.0,0.0
32445,[2342],0.0,0.0
6419,[29963],0.0,0.0
2861,[14763],0.0,0.0
14842,[60172],0.0,0.0
33089,[94199],0.0,0.0
7774,[35574],0.0,0.0
44192,[18084],0.0,0.0
39143,[59458],0.0,0.0
22389,[82866],0.0,0.0
27261,[84493],0.0,0.0
32155,[108378],0.0,0.0
41074,[127544],0.0,0.0
37671,[121471],0.0,0.0
4415,[21629],0.0,0.0
16176,[13167],0.0,0.0
37285,[120485],0.0,0.0
19042,[5629],0.0,0.0
19409,[889],1.0,0.0
43528,[134389],0.0,0.0
13557,[811],0.0,0.0
22926,[17683],0.0,0.0
25536,[91275],0.0,0.0
18147,[6788],1.0,0.0
37699,[84886],0.0,0.0
353,[2101],0.0,0.0
18724,[71040],0.0,0.0
3640,[5256],0.0,0.0
42674,[52392],0.0,0.0
18481,[39445],0.0,0.0
29600,[101868],0.0,0.0
12240,[536],1.0,1.0
20750,[78302],0.0,0.0
13651,[8022],0.0,0.0
7191,[33178],0.0,0.0
43825,[135005],0.0,0.0
43384,[13136],0.0,0.0
25163,[90277],0.0,0.0
30020,[374],0.0,0.0
28423,[43740],0.0,0.0
36218,[194],0.0,1.0
34390,[149004],0.0,0.0
1475,[64115],0.0,0.0
37519,[42742],0.0,0.0
9990,[43737],0.0,0.0
11706,[49799],0.0,0.0
4684,[153911],0.0,0.0
21568,[22910],0.0,0.0
7468,[34434],0.0,0.0
5997,[28081],0.0,0.0
30604,[147811],0.0,0.0
3520,[3130],0.0,0.0
23128,[81266],0.0,0.0
17027,[38692],0.0,0.0
20756,[78315],0.0,0.0
21300,[79861],0.0,0.0
15821,[1313],0.0,0.0
28002,[40348],0.0,0.0
17674,[69084],0.0,0.0
31012,[23112],0.0,0.0
1000,[5777],0.0,0.0
25218,[43491],0.0,0.0
40665,[128164],0.0,0.0
41196,[123155],0.0,0.0
15259,[61300],0.0,0.0
10297,[67322],0.0,0.0
40592,[164871],0.0,0.0
26462,[93583],0.0,0.0
26508,[48620],0.0,0.0
38817,[124084],0.0,0.0
8170,[23169],0.0,0.0
39814,[126379],0.0,0.0
13033,[54119],0.0,0.0
20493,[77555],0.0,0.0
23864,[16983],0.0,0.0
4042,[20144],0.0,0.0
34102,[1649],0.0,0.0
31612,[1614],0.0,0.0
24629,[88926],0.0,0.0
25644,[89995],0.0,0.0
30408,[61757],0.0,0.0
34088,[112993],0.0,0.0
23794,[86778],0.0,0.0
33817,[32091],0.0,0.0
18653,[27665],0.0,0.0
16127,[64183],0.0,0.0
41477,[83488],0.0,0.0
15680,[143008],0.0,0.0
36722,[119019],0.0,0.0
11325,[29115],0.0,1.0
37477,[49648],0.0,0.0
20237,[6126],0.0,0.0
29876,[102523],0.0,0.0
31749,[3365],1.0,0.0
43430,[134090],0.0,0.0
1943,[10331],0.0,0.0
7751,[4174],0.0,0.0
16154,[64245],0.0,0.0
17468,[64165],0.0,0.0
11699,[2261],0.0,0.0
37847,[164061],0.0,0.0
32509,[69457],0.0,0.0
7733,[35444],0.0,0.0
34554,[114061],0.0,0.0
28452,[98908],0.0,0.0
29147,[100726],0.0,0.0
43588,[5201],0.0,1.0
15118,[60906],0.0,0.0
2955,[7607],0.0,0.0
44966,[49250],0.0,0.0
342,[2010],0.0,0.0
36077,[117741],0.0,0.0
22327,[36549],0.0,0.0
15352,[5426],0.0,0.0
4377,[153816],0.0,0.0
18530,[71726],0.0,0.0
18778,[44994],0.0,0.0
41937,[6141],0.0,0.0
23015,[84496],0.0,0.0
29323,[161532],0.0,0.0
37365,[120663],0.0,0.0
25853,[20852],0.0,0.0
16764,[66172],0.0,0.0
25179,[90370],0.0,0.0
4579,[22333],0.0,0.0
36404,[3105],0.0,1.0
9679,[1965],0.0,0.0
31583,[107059],0.0,0.0
34296,[62362],0.0,0.0
16898,[66579],0.0,0.0
22536,[83250],0.0,0.0
39568,[59151],0.0,0.0
10149,[5706],0.0,0.0
22305,[23452],0.0,0.0
22133,[32201],0.0,0.0
22764,[66941],0.0,0.0
40534,[27851],0.0,0.0
33039,[110452],0.0,0.0
32850,[54034],0.0,0.0
7414,[34217],0.0,0.0
20853,[22735],0.0,0.0
13481,[55546],0.0,0.0
2229,[1647],0.0,0.0
24575,[160093],0.0,0.0
34181,[56446],0.0,0.0
16360,[59702],0.0,0.0
16425,[53200],0.0,0.0
6096,[2607],0.0,0.0
16131,[26306],0.0,0.0
20011,[13021],0.0,0.0
40516,[24207],0.0,0.0
44946,[137247],0.0,0.0
24595,[145884],0.0,0.0
34194,[17691],0.0,0.0
31098,[105779],0.0,0.0
32399,[108996],0.0,0.0
11315,[23182],0.0,0.0
25984,[1957],0.0,0.0
8180,[37097],0.0,0.0
40461,[97923],0.0,0.0
7416,[34225],0.0,0.0
31958,[22864],0.0,0.0
15717,[62838],0.0,0.0
30844,[62231],0.0,0.0
37570,[121234],0.0,0.0
16587,[21735],0.0,0.0
40992,[128880],0.0,0.0
28087,[97960],0.0,0.0
38939,[118603],0.0,0.0
4743,[23168],0.0,0.0
32578,[109444],0.0,0.0
19869,[75713],0.0,0.0
18497,[51169],0.0,0.0
4192,[139198],0.0,0.0
26697,[6495],0.0,0.0
27709,[96998],0.0,0.0
22374,[82810],0.0,0.0
32519,[30001],0.0,0.0
43204,[130665],0.0,0.0
27656,[54400],0.0,0.0
20267,[76912],0.0,0.0
2481,[115225],0.0,0.0
35276,[163307],0.0,0.0
33414,[162772],0.0,0.0
17081,[67272],0.0,0.0
20316,[19191],0.0,0.0
27273,[15110],0.0,0.0
42388,[3286],0.0,0.0
39859,[126488],0.0,0.0
12282,[16083],0.0,0.0
28015,[25011],0.0,0.0
37198,[120261],0.0,0.0
18850,[72760],0.0,0.0
31996,[139141],0.0,0.0
3261,[16508],0.0,0.0
41536,[5894],0.0,0.0
16797,[104420],0.0,0.0
4891,[23754],0.0,0.0
12035,[26306],0.0,0.0
28050,[85093],0.0,0.0
9501,[27767],0.0,0.0
28655,[5782],0.0,0.0
26873,[94702],0.0,0.0
19808,[75565],0.0,0.0
42260,[165373],0.0,0.0
26567,[93844],0.0,0.0
40476,[127760],0.0,0.0
14426,[58933],0.0,0.0
17106,[67327],0.0,0.0
7276,[33612],0.0,0.0
25462,[49398],0.0,0.0
9187,[23581],0.0,0.0
43055,[125675],0.0,0.0
5327,[25498],0.0,0.0
42913,[38456],0.0,0.0
27958,[97636],0.0,0.0
5407,[22848],0.0,0.0
28248,[98399],0.0,0.0
40171,[164757],0.0,0.0
31151,[208],0.0,0.0
9469,[41830],0.0,0.0
39587,[164586],0.0,0.0
35511,[34374],0.0,0.0
29228,[9630],0.0,0.0
9720,[1747],0.0,0.0
5418,[8185],0.0,0.0
23034,[84597],0.0,0.0
35959,[81840],0.0,0.0
19710,[25520],0.0,0.0
9395,[4901],0.0,0.0
33703,[112038],0.0,0.0
25065,[11737],1.0,0.0
33104,[61142],0.0,0.0
13169,[23445],0.0,0.0
39262,[19174],0.0,0.0
39220,[18438],0.0,0.0
40027,[106438],0.0,0.0
18801,[72617],0.0,0.0
24606,[88868],0.0,0.0
44364,[136037],0.0,0.0
23210,[85125],0.0,0.0
10201,[44478],0.0,0.0
7229,[33413],0.0,0.0
912,[5280],0.0,0.0
2401,[12492],0.0,0.0
31490,[41098],0.0,1.0
5116,[822],0.0,1.0
16940,[66784],0.0,0.0
17796,[69541],0.0,0.0
28979,[12663],0.0,0.0
2488,[64841],0.0,0.0
28128,[98087],0.0,0.0
23378,[85508],0.0,0.0
28674,[147193],0.0,0.0
34258,[1804],0.0,0.0
34721,[5358],0.0,0.0
41270,[42269],0.0,0.0
11754,[49966],0.0,0.0
5905,[27731],0.0,0.0
10006,[43793],0.0,0.0
28045,[63987],0.0,0.0
34564,[114088],0.0,0.0
4767,[23276],0.0,0.0
33584,[40647],0.0,0.0
27123,[146704],0.0,0.0
21918,[81729],0.0,0.0
28356,[98625],0.0,0.0
34045,[13985],0.0,0.0
35955,[140001],0.0,0.0
33939,[1963],0.0,0.0
38614,[487],0.0,1.0
32102,[11272],0.0,0.0
11735,[141709],0.0,0.0
6344,[154404],0.0,0.0
33459,[14558],0.0,0.0
23836,[36823],0.0,0.0
13519,[55658],0.0,0.0
31743,[148151],0.0,0.0
44904,[3884],0.0,0.0
18106,[60714],0.0,0.0
4254,[20949],0.0,0.0
21344,[80038],0.0,0.0
44620,[136516],0.0,0.0
21640,[45653],0.0,0.0
14778,[157054],0.0,0.0
20519,[1171],0.0,1.0
8887,[26581],0.0,0.0
31560,[106958],0.0,0.0
6144,[28657],0.0,0.0
34458,[10650],0.0,0.0
23037,[70979],0.0,0.0
24494,[88588],0.0,0.0
23861,[23065],0.0,0.0
13995,[57450],0.0,0.0
6968,[32206],0.0,0.0
15017,[17059],0.0,0.0
12392,[10589],0.0,0.0
32348,[108870],0.0,0.0
33244,[49028],0.0,0.0
43541,[134410],0.0,0.0
14728,[44965],0.0,0.0
27172,[14546],0.0,0.0
36993,[7881],0.0,0.0
32799,[9355],0.0,0.0
32581,[109449],0.0,0.0
6102,[8480],0.0,0.0
27065,[146688],0.0,0.0
1605,[8792],0.0,0.0
40054,[126871],0.0,0.0
11786,[31387],0.0,0.0
3355,[16961],0.0,0.0
3983,[19889],0.0,0.0
39633,[115172],0.0,0.0
36094,[42361],0.0,0.0
7061,[32557],0.0,0.0
40957,[3713],0.0,1.0
1672,[9101],0.0,0.0
26518,[93716],0.0,0.0
43999,[12806],0.0,0.0
41917,[130844],0.0,0.0
40560,[2850],0.0,0.0
7181,[3534],0.0,0.0
38088,[3880],0.0,0.0
25141,[24031],0.0,0.0
33574,[148738],0.0,0.0
28554,[2008],0.0,0.0
22928,[10711],0.0,1.0
3750,[647],1.0,0.0
4707,[23025],0.0,0.0
16906,[66624],0.0,0.0
28061,[18050],0.0,0.0
24752,[89281],0.0,0.0
24550,[1279],0.0,0.0
29427,[25423],0.0,0.0
17747,[40009],0.0,0.0
23050,[28368],0.0,0.0
19479,[102187],0.0,0.0
38587,[91439],0.0,0.0
5877,[27617],0.0,0.0
16821,[2125],0.0,1.0
14133,[57888],0.0,0.0
13155,[54476],0.0,0.0
2767,[14231],0.0,0.0
9275,[26979],0.0,0.0
29995,[102841],0.0,0.0
40672,[128188],0.0,0.0
43168,[106833],0.0,0.0
36530,[33016],0.0,0.0
40536,[50239],0.0,0.0
8676,[50804],0.0,0.0
43010,[18052],0.0,0.0
29622,[101912],0.0,0.0
37228,[12731],0.0,0.0
20433,[77300],0.0,0.0
21979,[76275],0.0,0.0
3225,[153478],0.0,0.0
6864,[17561],0.0,0.0
35335,[35457],0.0,0.0
37212,[149924],0.0,0.0
21889,[12551],0.0,0.0
42896,[27008],0.0,0.0
11179,[47970],0.0,0.0
33086,[110599],0.0,0.0
37923,[23592],0.0,0.0
6930,[97349],0.0,0.0
36630,[149745],0.0,0.0
43592,[2137],0.0,0.0
4893,[23768],0.0,0.0
25575,[91345],0.0,0.0
33565,[11403],0.0,0.0
6844,[31646],0.0,0.0
3440,[2717],0.0,0.0
2621,[4609],1.0,0.0
20190,[2379],0.0,1.0
29843,[13490],0.0,0.0
6896,[140102],0.0,0.0
22191,[11727],0.0,0.0
2175,[153163],0.0,0.0
3140,[5816],0.0,0.0
40033,[23444],0.0,0.0
33916,[80526],0.0,0.0
6291,[16328],0.0,1.0
6764,[140052],0.0,0.0
39724,[16977],0.0,0.0
4238,[20862],0.0,0.0
3848,[91],0.0,0.0
24745,[89256],0.0,0.0
38720,[69320],0.0,0.0
8009,[38324],0.0,0.0
18752,[72483],0.0,0.0
34339,[7339],0.0,1.0
32177,[4618],0.0,0.0
26877,[27171],0.0,0.0
12202,[51446],0.0,0.0
44839,[6271],0.0,0.0
28938,[39344],0.0,0.0
39054,[117695],0.0,0.0
1459,[8082],0.0,0.0
31213,[5011],0.0,0.0
16860,[66467],0.0,0.0
40589,[81220],0.0,0.0
39332,[54097],0.0,0.0
42486,[32042],0.0,0.0
16590,[143308],0.0,0.0
38842,[150425],0.0,0.0
38660,[22396],0.0,0.0
44759,[136817],0.0,0.0
15849,[5495],0.0,0.0
10375,[45073],0.0,0.0
31685,[71708],0.0,0.0
41039,[79064],0.0,0.0
29089,[62209],0.0,0.0
26173,[15699],0.0,0.0
37065,[8073],0.0,0.0
6659,[30896],0.0,0.0
41168,[2599],0.0,0.0
15289,[61391],0.0,0.0
33846,[112389],0.0,0.0
24332,[9780],0.0,0.0
34795,[17444],0.0,0.0
18375,[37973],0.0,0.0
2904,[67957],0.0,0.0
22804,[83980],0.0,0.0
1602,[8765],0.0,0.0
29454,[80551],0.0,0.0
11158,[47910],0.0,0.0
1110,[129302],0.0,0.0
20648,[78005],0.0,0.0
14211,[39612],0.0,0.0
39088,[124677],0.0,0.0
7240,[33456],0.0,0.0
16213,[44604],0.0,0.0
43938,[1647],0.0,0.0
14281,[816],0.0,1.0
6366,[6295],0.0,0.0
6483,[889],1.0,1.0
31980,[49478],0.0,0.0
18196,[9132],0.0,1.0
37820,[62466],0.0,0.0
31440,[106637],0.0,0.0
35870,[84887],0.0,0.0
1014,[5838],0.0,0.0
44214,[135734],0.0,0.0
28843,[3968],0.0,0.0
39393,[6713],0.0,0.0
24104,[87559],0.0,0.0
1175,[6674],0.0,0.0
38079,[122379],0.0,0.0
37591,[11423],0.0,0.0
22647,[13022],0.0,0.0
42084,[1686],0.0,0.0
25682,[3769],0.0,0.0
11645,[9995],0.0,0.0
16498,[5373],0.0,0.0
39111,[124725],0.0,0.0
19864,[75699],0.0,0.0
39263,[125129],0.0,0.0
3093,[10157],0.0,0.0
22612,[83466],0.0,0.0
14402,[58821],0.0,0.0
22543,[83279],0.0,0.0
24460,[9385],0.0,0.0
25348,[40569],0.0,0.0
12962,[25774],0.0,0.0
18620,[71980],0.0,0.0
24669,[89040],0.0,0.0
13283,[26148],0.0,0.0
20188,[41775],0.0,0.0
13165,[54507],0.0,0.0
26259,[93118],0.0,0.0
26582,[268],0.0,1.0
23393,[13591],0.0,0.0
3595,[5706],0.0,0.0
13205,[54636],0.0,0.0
17942,[2413],0.0,0.0
31128,[272],1.0,0.0
6166,[28792],0.0,0.0
24250,[16910],0.0,0.0
6189,[1959],1.0,0.0
10551,[101397],0.0,0.0
2864,[14776],0.0,0.0
42226,[73656],0.0,0.0
9130,[40615],0.0,0.0
3998,[6363],0.0,1.0
7794,[34544],0.0,0.0
22555,[14479],0.0,0.0
35881,[108222],0.0,0.0
15911,[10357],0.0,0.0
41606,[130216],0.0,0.0
15593,[62350],0.0,0.0
3533,[3151],0.0,0.0
12818,[37884],0.0,0.0
23712,[6659],0.0,0.0
21774,[81268],0.0,0.0
34502,[6649],0.0,0.0
39721,[13653],0.0,0.0
4261,[20977],0.0,0.0
6599,[530],0.0,0.0
12769,[53298],0.0,0.0
447,[2668],0.0,0.0
27480,[8122],0.0,0.0
6881,[137031],0.0,0.0
30562,[71819],0.0,0.0
27499,[96452],0.0,0.0
44158,[135607],0.0,0.0
6412,[29903],0.0,0.0
33634,[41192],0.0,0.0
14048,[65078],0.0,0.0
18199,[70782],0.0,0.0
23024,[19603],0.0,0.0
41413,[109],0.0,0.0
12558,[52681],0.0,0.0
12332,[44460],0.0,0.0
5384,[645],0.0,0.0
28716,[99615],0.0,0.0
1218,[6884],0.0,0.0
37530,[72610],0.0,0.0
38280,[986],0.0,0.0
35075,[93031],0.0,0.0
7421,[34265],0.0,0.0
30226,[24218],0.0,0.0
8271,[140593],0.0,0.0
44416,[39621],0.0,0.0
14391,[52472],0.0,0.0
44113,[78645],0.0,0.0
4764,[139384],0.0,0.0
44785,[136893],0.0,0.0
6146,[28666],0.0,0.0
32773,[162557],0.0,0.0
38304,[4231],0.0,0.0
15221,[61190],0.0,0.0
34008,[112768],0.0,0.0
10969,[10756],0.0,0.0
23355,[85453],0.0,0.0
37988,[1849],0.0,0.0
18892,[72872],0.0,0.0
42865,[132897],0.0,0.0
28579,[8482],0.0,1.0
29781,[2703],0.0,1.0
30334,[18832],0.0,0.0
14819,[60103],0.0,0.0
16842,[3653],0.0,0.0
43086,[58251],0.0,0.0
10042,[43917],0.0,0.0
33360,[63694],0.0,0.0
4021,[10186],0.0,1.0
13403,[11783],0.0,0.0
7834,[35784],0.0,0.0
213,[1290],0.0,0.0
34963,[55126],0.0,0.0
35079,[43031],0.0,0.0
20465,[47041],0.0,0.0
38886,[78798],0.0,0.0
7179,[33137],0.0,0.0
32129,[20886],0.0,0.0
14875,[60281],0.0,0.0
34725,[149115],0.0,0.0
40195,[94595],0.0,0.0
42150,[4714],0.0,0.0
29064,[18059],0.0,0.0
2497,[13036],0.0,0.0
20969,[78923],0.0,0.0
21802,[79],1.0,1.0
15492,[61989],0.0,0.0
22543,[83278],0.0,0.0
34485,[113915],0.0,0.0
18438,[98703],0.0,0.0
19993,[18910],0.0,0.0
3166,[16133],0.0,0.0
23021,[84526],0.0,0.0
44692,[99645],0.0,0.0
6450,[30098],0.0,0.0
35155,[59893],0.0,0.0
13036,[8819],0.0,0.0
11876,[4954],0.0,0.0
39361,[5341],0.0,0.0
15699,[62778],0.0,0.0
22504,[20267],0.0,0.0
38140,[3728],0.0,0.0
38849,[124138],0.0,0.0
28620,[3540],0.0,0.0
39973,[126748],0.0,0.0
37413,[120848],0.0,0.0
18092,[70476],0.0,0.0
29659,[102022],0.0,0.0
42594,[21398],0.0,0.0
23929,[34637],0.0,0.0
19330,[73539],0.0,0.0
44989,[116203],0.0,0.0
36951,[123476],0.0,0.0
32840,[74408],0.0,0.0
19126,[73576],0.0,0.0
41342,[18303],0.0,0.0
6401,[16362],0.0,0.0
3162,[16100],0.0,0.0
40878,[14622],0.0,0.0
36991,[119806],0.0,0.0
1804,[5780],0.0,0.0
22603,[83428],0.0,0.0
17668,[69057],0.0,0.0
14649,[30438],0.0,0.0
38636,[123653],0.0,0.0
3543,[17888],0.0,0.0
22907,[2062],0.0,0.0
29832,[41873],0.0,0.0
37243,[31474],0.0,0.0
13150,[682],0.0,1.0
13820,[56858],0.0,0.0
42716,[43521],0.0,0.0
19785,[75499],0.0,0.0
37072,[8446],0.0,0.0
8677,[39076],0.0,0.0
9242,[41015],0.0,0.0
32740,[6400],0.0,1.0
18978,[44713],0.0,0.0
16273,[44604],0.0,0.0
35524,[43342],0.0,0.0
4011,[20016],0.0,0.0
36598,[42770],0.0,0.0
1038,[5926],0.0,0.0
25892,[6498],0.0,0.0
27511,[96501],0.0,0.0
38387,[187],0.0,1.0
35395,[116101],0.0,0.0
11980,[50669],0.0,0.0
3265,[16522],0.0,0.0
16004,[63700],0.0,0.0
33252,[110968],0.0,0.0
23187,[89983],0.0,0.0
44783,[2590],0.0,0.0
44614,[124751],0.0,0.0
32257,[86646],0.0,0.0
16092,[3142],0.0,0.0
42824,[132796],0.0,0.0
41616,[98478],0.0,0.0
34675,[38834],0.0,0.0
26674,[94131],0.0,0.0
16302,[64654],0.0,0.0
43866,[64207],0.0,0.0
30672,[41940],0.0,0.0
23283,[40199],0.0,0.0
87,[516],0.0,0.0
14390,[1815],0.0,0.0
19135,[158423],0.0,0.0
42557,[94159],0.0,0.0
38026,[59231],0.0,0.0
41647,[130315],0.0,0.0
11817,[11739],0.0,1.0
30573,[104331],0.0,0.0
14701,[502],0.0,0.0
2931,[15066],0.0,0.0
36776,[28308],0.0,0.0
40806,[70071],0.0,0.0
10523,[45651],0.0,0.0
15022,[50681],0.0,0.0
29842,[44797],0.0,0.0
420,[2513],0.0,0.0
19555,[74807],0.0,0.0
29314,[82694],0.0,0.0
20155,[76557],0.0,0.0
7513,[34610],0.0,0.0
24368,[7425],0.0,0.0
19602,[50275],0.0,0.0
7812,[92741],0.0,0.0
41226,[3798],0.0,0.0
25672,[91652],0.0,0.0
13424,[46844],0.0,0.0
28743,[49258],0.0,0.0
27527,[117],0.0,1.0
38837,[2501],1.0,1.0
6739,[22592],0.0,0.0
21418,[57127],0.0,0.0
35918,[163502],0.0,0.0
18150,[158109],0.0,0.0
39141,[112644],0.0,0.0
31717,[6003],0.0,0.0
991,[5716],0.0,0.0
24221,[87845],0.0,0.0
25772,[65079],0.0,0.0
42267,[48153],0.0,0.0
75,[447],0.0,0.0
40762,[89121],0.0,0.0
12613,[31933],0.0,0.0
24269,[87939],0.0,0.0
37856,[150121],0.0,0.0
41301,[879],0.0,0.0
13754,[56561],0.0,0.0
42293,[117889],0.0,0.0
30256,[25564],0.0,0.0
29562,[42683],0.0,0.0
6658,[33189],0.0,0.0
42093,[46813],0.0,0.0
42395,[131882],0.0,0.0
25075,[10362],0.0,0.0
19627,[74996],0.0,0.0
6423,[29988],0.0,0.0
13106,[54328],0.0,0.0
24678,[30670],0.0,0.0
21414,[47378],0.0,0.0
29022,[26128],0.0,0.0
35988,[18858],0.0,0.0
36177,[117973],0.0,0.0
21981,[79490],0.0,0.0
37294,[68364],0.0,0.0
28875,[100067],0.0,0.0
25353,[90798],0.0,0.0
5036,[24395],0.0,0.0
6177,[28824],0.0,0.0
42152,[12230],0.0,0.0
35965,[1289],0.0,0.0
44714,[136704],0.0,0.0
13173,[46545],0.0,0.0
37462,[163955],0.0,0.0
11364,[9132],0.0,0.0
21197,[20318],0.0,0.0
36506,[163657],0.0,0.0
7240,[33452],0.0,0.0
30014,[10822],0.0,0.0
44389,[136077],0.0,0.0
27196,[20820],0.0,0.0
43858,[30760],0.0,0.0
21554,[80614],0.0,0.0
9016,[40235],0.0,0.0
23065,[44245],0.0,0.0
8108,[14718],0.0,0.0
33764,[112200],0.0,0.0
14392,[55084],0.0,0.0
13356,[55075],0.0,0.0
17466,[68509],0.0,0.0
31064,[105684],0.0,0.0
35841,[117160],0.0,0.0
41840,[130683],0.0,0.0
5802,[821],0.0,0.0
9445,[41723],0.0,0.0
8334,[3145],0.0,0.0
8828,[39573],0.0,0.0
11043,[4522],0.0,0.0
17776,[10859],0.0,0.0
12404,[44261],0.0,0.0
210,[1252],0.0,0.0
37783,[9659],0.0,0.0
475,[2808],0.0,0.0
34994,[115181],0.0,0.0
23102,[145408],0.0,0.0
1212,[6863],0.0,0.0
41646,[50655],0.0,0.0
13578,[20231],0.0,0.0
20285,[2470],0.0,0.0
32465,[109181],0.0,0.0
37137,[120160],0.0,0.0
3538,[1972],0.0,1.0
15030,[157137],0.0,0.0
17500,[25267],0.0,0.0
11177,[47966],0.0,0.0
35206,[35100],0.0,0.0
38067,[122361],0.0,0.0
21461,[6874],0.0,0.0
29407,[889],1.0,1.0
525,[42883],0.0,0.0
24018,[87363],0.0,0.0
11557,[49409],0.0,0.0
17804,[3066],0.0,1.0
32326,[46906],0.0,0.0
38189,[122620],0.0,0.0
4096,[1392],0.0,0.0
16368,[64857],0.0,0.0
18108,[15906],0.0,0.0
11779,[140016],0.0,0.0
20830,[1434],0.0,0.0
22393,[6490],0.0,0.0
10726,[46408],0.0,0.0
40384,[89399],0.0,0.0
28536,[5400],0.0,0.0
17104,[139750],0.0,0.0
39353,[3890],0.0,0.0
40048,[126864],0.0,0.0
8020,[139576],0.0,0.0
7419,[34247],0.0,0.0
7562,[34800],0.0,0.0
42066,[3882],1.0,0.0
15370,[3882],1.0,1.0
28991,[100331],0.0,0.0
34801,[12096],0.0,0.0
27129,[16767],0.0,0.0
43920,[111538],0.0,0.0
11854,[10480],0.0,0.0
10006,[43801],0.0,0.0
7570,[34822],0.0,0.0
15156,[61020],0.0,0.0
37654,[78233],0.0,0.0
18379,[71265],0.0,0.0
29131,[49330],0.0,0.0
614,[3630],0.0,0.0
5048,[24447],0.0,0.0
19446,[74438],0.0,0.0
3773,[11269],0.0,0.0
14929,[60427],0.0,0.0
12042,[50871],0.0,0.0
4010,[40168],0.0,0.0
23009,[39462],0.0,0.0
33822,[112332],0.0,0.0
39077,[71231],0.0,0.0
22234,[17034],0.0,0.0
20325,[3017],0.0,0.0
21056,[14587],0.0,1.0
35806,[62281],0.0,0.0
5497,[26219],0.0,0.0
40350,[86028],0.0,0.0
35049,[11757],0.0,0.0
39631,[125992],0.0,0.0
24226,[41900],0.0,0.0
28944,[12866],0.0,0.0
27203,[8349],0.0,0.0
9908,[155568],0.0,0.0
19355,[74199],0.0,0.0
4860,[5249],0.0,0.0
29709,[18000],0.0,0.0
43348,[43933],0.0,0.0
34788,[13312],0.0,0.0
11799,[50097],0.0,0.0
25221,[3620],0.0,0.0
5976,[112592],0.0,0.0
8577,[3379],1.0,1.0
3420,[17298],0.0,0.0
31994,[14219],0.0,0.0
32039,[42138],0.0,0.0
27691,[7207],0.0,0.0
11654,[39363],0.0,0.0
32682,[1488],0.0,0.0
39552,[5655],0.0,1.0
16907,[36447],0.0,0.0
20668,[10621],0.0,0.0
42067,[131205],0.0,0.0
11968,[126157],0.0,0.0
14924,[142766],0.0,0.0
11385,[8895],0.0,1.0
32243,[159],0.0,0.0
37766,[121655],0.0,0.0
22093,[16836],0.0,1.0
11959,[50602],0.0,0.0
45109,[22035],0.0,0.0
30381,[90517],0.0,0.0
4738,[13870],0.0,0.0
25964,[92349],0.0,0.0
12073,[141816],0.0,0.0
36407,[149671],0.0,0.0
14747,[37960],0.0,0.0
8234,[37314],0.0,0.0
25388,[76461],0.0,0.0
7151,[32988],0.0,0.0
34746,[114571],0.0,0.0
9004,[99824],0.0,0.0
30125,[49693],0.0,0.0
3085,[4151],0.0,1.0
17765,[50598],0.0,0.0
9451,[41755],0.0,0.0
29202,[100858],0.0,0.0
9644,[542],0.0,0.0
14407,[2815],0.0,0.0
28934,[55041],0.0,0.0
42586,[50777],0.0,0.0
1484,[8207],0.0,0.0
6486,[139950],0.0,0.0
40840,[128550],0.0,0.0
34337,[113537],0.0,0.0
16100,[64023],0.0,0.0
24218,[7982],0.0,0.0
3824,[19125],0.0,0.0
10908,[47118],0.0,0.0
15265,[61317],0.0,0.0
28716,[99595],0.0,0.0
25381,[160333],0.0,0.0
36600,[88784],0.0,0.0
30201,[103319],0.0,0.0
32046,[162333],0.0,0.0
42420,[131947],0.0,0.0
30041,[37071],0.0,0.0
15969,[41793],0.0,0.0
13492,[2982],0.0,0.0
14827,[60136],0.0,0.0
23110,[87723],0.0,0.0
23035,[578],0.0,0.0
8691,[10688],0.0,0.0
42494,[26640],0.0,1.0
17961,[66569],0.0,0.0
14352,[58655],0.0,0.0
27731,[16108],0.0,0.0
31394,[23887],0.0,0.0
16568,[65497],0.0,0.0
32810,[50192],0.0,0.0
129,[780],0.0,0.0
13686,[56253],0.0,0.0
8855,[39669],0.0,0.0
25415,[3917],0.0,0.0
10405,[45180],0.0,0.0
27747,[12751],0.0,0.0
12273,[22453],0.0,0.0
43034,[62711],0.0,0.0
7650,[140384],0.0,0.0
38653,[87027],0.0,0.0
34140,[1376],0.0,0.0
5067,[24516],0.0,0.0
35016,[2680],0.0,0.0
42725,[113368],0.0,0.0
23435,[3775],0.0,0.0
10714,[46374],0.0,0.0
4983,[24157],0.0,0.0
5856,[24190],0.0,0.0
23642,[32847],0.0,0.0
18419,[28013],0.0,0.0
16253,[10157],0.0,0.0
32492,[109224],0.0,0.0
15146,[59096],0.0,0.0
8943,[39982],0.0,0.0
40605,[164878],0.0,0.0
37632,[18109],0.0,0.0
13074,[54236],0.0,0.0
23999,[16704],0.0,0.0
35850,[44425],0.0,0.0
33944,[162925],0.0,0.0
42491,[50852],0.0,0.0
12007,[35617],0.0,0.0
13450,[55437],0.0,0.0
17502,[848],1.0,1.0
29006,[100390],0.0,0.0
43543,[7207],0.0,0.0
43792,[37497],0.0,1.0
11660,[49680],0.0,0.0
12775,[53312],0.0,0.0
26325,[87333],0.0,0.0
29840,[98054],0.0,0.0
20363,[24326],0.0,0.0
37467,[39829],0.0,0.0
11410,[34470],0.0,0.0
33835,[112364],0.0,0.0
38374,[55285],0.0,0.0
28575,[19445],0.0,0.0
15318,[142887],0.0,0.0
25500,[119979],0.0,0.0
11468,[6311],0.0,0.0
82,[12374],0.0,0.0
25171,[53781],0.0,0.0
19887,[75776],0.0,0.0
40637,[128081],0.0,0.0
39379,[48601],0.0,0.0
18867,[13591],0.0,0.0
16295,[64632],0.0,0.0
4910,[22035],0.0,1.0
30487,[104153],0.0,0.0
43051,[133304],0.0,0.0
18564,[601],1.0,1.0
6447,[154444],0.0,0.0
30669,[59326],0.0,0.0
27984,[99114],0.0,0.0
42762,[132678],0.0,0.0
19718,[136],0.0,0.0
5703,[276],0.0,0.0
39907,[150762],0.0,0.0
44603,[20951],0.0,0.0
4568,[22264],0.0,0.0
5571,[26478],0.0,0.0
14414,[58905],0.0,0.0
38896,[124221],0.0,0.0
22104,[82170],0.0,0.0
36060,[10189],0.0,0.0
9424,[41644],0.0,0.0
25256,[146119],0.0,0.0
7662,[22624],0.0,0.0
8145,[36977],0.0,0.0
40440,[127674],0.0,0.0
18089,[37307],0.0,0.0
18547,[123021],0.0,0.0
9043,[40340],0.0,0.0
13733,[56450],0.0,0.0
5211,[18050],0.0,0.0
16973,[4620],0.0,0.0
3625,[18308],0.0,0.0
1364,[7641],0.0,0.0
37988,[404],0.0,0.0
13771,[156750],0.0,0.0
21119,[79348],0.0,0.0
1032,[6012],0.0,0.0
34239,[113343],0.0,0.0
631,[137956],0.0,0.0
26058,[92613],0.0,0.0
41550,[101181],0.0,0.0
7257,[9689],0.0,0.0
8816,[39528],0.0,0.0
28752,[146],0.0,1.0
26545,[346],0.0,0.0
36209,[69009],0.0,0.0
28443,[161255],0.0,0.0
44754,[136795],0.0,0.0
11552,[49379],0.0,0.0
7146,[32961],0.0,0.0
283,[272],1.0,0.0
4619,[3441],0.0,0.0
27353,[80777],0.0,0.0
31978,[148243],0.0,0.0
16183,[112059],0.0,0.0
22420,[50954],0.0,0.0
11187,[48000],0.0,0.0
22108,[145098],0.0,0.0
20102,[76400],0.0,0.0
12009,[50781],0.0,0.0
9382,[41468],0.0,0.0
35664,[21876],0.0,0.0
41579,[2137],0.0,0.0
44545,[19834],0.0,1.0
526,[3116],0.0,0.0
4117,[102769],0.0,0.0
33243,[110945],0.0,0.0
9947,[16197],0.0,0.0
20924,[78789],0.0,0.0
13719,[91344],0.0,0.0
39101,[17245],0.0,0.0
21282,[260],0.0,0.0
23332,[23776],0.0,0.0
26556,[93804],0.0,0.0
37969,[92272],0.0,0.0
11716,[31961],0.0,0.0
22576,[83361],0.0,0.0
22713,[55310],0.0,0.0
4905,[23813],0.0,0.0
20128,[76478],0.0,0.0
3807,[19023],0.0,0.0
23943,[155463],0.0,0.0
24297,[20866],0.0,1.0
41862,[151385],0.0,0.0
30270,[143111],0.0,0.0
13021,[54072],0.0,0.0
9135,[3690],0.0,0.0
27907,[1963],0.0,0.0
18048,[70352],0.0,0.0
7635,[35036],0.0,0.0
17102,[67319],0.0,0.0
10325,[44903],0.0,0.0
2730,[1306],0.0,0.0
3111,[15896],0.0,0.0
10608,[45988],0.0,0.0
27690,[96950],0.0,0.0
26238,[93065],0.0,0.0
30363,[103799],0.0,0.0
23745,[86625],0.0,0.0
8264,[7144],0.0,0.0
7679,[35222],0.0,0.0
32261,[108647],0.0,0.0
21327,[101231],0.0,0.0
24579,[60730],0.0,0.0
4701,[22884],0.0,0.0
2110,[11169],0.0,0.0
44590,[122110],0.0,0.0
33631,[111865],0.0,0.0
30214,[62688],0.0,0.0
16811,[142048],0.0,0.0
4201,[20717],0.0,0.0
1201,[122245],0.0,0.0
4302,[113884],0.0,0.0
24251,[227],0.0,0.0
35064,[1689],0.0,0.0
28497,[2704],0.0,0.0
3196,[143],0.0,0.0
1432,[7948],0.0,0.0
2768,[14233],0.0,0.0
20346,[38387],0.0,0.0
34544,[114044],0.0,0.0
26324,[146448],0.0,0.0
7997,[27074],0.0,0.0
36108,[27556],0.0,0.0
7699,[35327],0.0,0.0
39265,[33261],0.0,0.0
42106,[131296],0.0,0.0
36060,[85634],0.0,0.0
16586,[645],0.0,0.0
6267,[14453],0.0,0.0
40218,[127218],0.0,0.0
30792,[161944],0.0,0.0
38254,[122775],0.0,0.0
23416,[14724],0.0,0.0
43501,[52303],0.0,0.0
20981,[18712],0.0,0.0
25517,[91197],0.0,0.0
741,[4330],0.0,0.0
38281,[122877],0.0,0.0
24195,[87788],0.0,0.0
42889,[40749],0.0,0.0
40356,[68290],0.0,0.0
24040,[68566],0.0,0.0
34036,[63286],0.0,0.0
37621,[3444],0.0,0.0
11920,[50486],0.0,0.0
214,[116120],0.0,0.0
33500,[12508],0.0,0.0
35152,[115553],0.0,0.0
36447,[46587],0.0,0.0
24714,[145926],0.0,0.0
3141,[16032],0.0,0.0
11044,[9052],0.0,0.0
11637,[5149],0.0,0.0
39309,[125213],0.0,0.0
25116,[90188],0.0,0.0
35060,[93200],0.0,0.0
21466,[80397],0.0,0.0
8210,[19042],0.0,0.0
12242,[18991],0.0,0.0
19834,[33666],0.0,0.0
16147,[55469],0.0,0.0
33271,[82163],0.0,0.0
23897,[87099],0.0,0.0
15712,[32211],0.0,0.0
22670,[11844],0.0,0.0
42969,[12600],0.0,0.0
16457,[65123],0.0,0.0
20009,[9452],0.0,1.0
7769,[68699],0.0,0.0
20186,[144470],0.0,0.0
10930,[47184],0.0,0.0
12429,[52249],0.0,0.0
31899,[9990],0.0,0.0
7630,[140378],0.0,0.0
15615,[62433],0.0,0.0
23225,[5810],0.0,0.0
29590,[101853],0.0,0.0
43796,[134918],0.0,0.0
15315,[61473],0.0,0.0
3014,[15466],0.0,0.0
31762,[84986],0.0,0.0
20277,[28560],0.0,0.0
18085,[7575],0.0,1.0
17666,[13013],0.0,0.0
8267,[140591],0.0,0.0
8856,[35618],0.0,0.0
20016,[76189],0.0,0.0
10271,[15803],0.0,0.0
13033,[51672],0.0,0.0
31036,[105623],0.0,0.0
28764,[44868],0.0,0.0
11571,[57550],0.0,0.0
10576,[45862],0.0,0.0
34319,[113502],0.0,0.0
2976,[15297],0.0,0.0
2094,[11102],0.0,0.0
25975,[92378],0.0,0.0
23156,[84942],0.0,0.0
21194,[20934],0.0,1.0
8217,[37243],0.0,0.0
34368,[163045],0.0,0.0
13476,[55536],0.0,0.0
42828,[3820],0.0,0.0
5606,[26617],0.0,0.0
4516,[22028],0.0,0.0
8313,[140606],0.0,0.0
28837,[99972],0.0,0.0
40951,[151098],0.0,0.0
33354,[63890],0.0,0.0
13724,[56420],0.0,0.0
3879,[19350],0.0,0.0
18982,[1160],0.0,0.0
4087,[20305],0.0,0.0
6856,[8368],0.0,0.0
26070,[92634],0.0,0.0
35962,[5806],0.0,0.0
255,[1551],0.0,0.0
34059,[6716],0.0,1.0
25102,[4865],0.0,1.0
29687,[19526],0.0,0.0
38762,[36682],0.0,0.0
22212,[13708],0.0,0.0
43004,[113907],0.0,0.0
34708,[8482],0.0,1.0
13899,[761],1.0,1.0
36203,[2267],0.0,1.0
42404,[10116],0.0,0.0
19756,[151],0.0,0.0
8199,[140566],0.0,0.0
14852,[32500],0.0,0.0
19074,[73411],0.0,0.0
10212,[44517],0.0,0.0
33623,[148753],0.0,0.0
20776,[41754],0.0,0.0
27911,[16364],0.0,0.0
1556,[46157],0.0,0.0
30691,[1480],1.0,0.0
38323,[90798],0.0,0.0
15924,[63458],0.0,0.0
42188,[165357],0.0,0.0
34799,[2315],0.0,0.0
19182,[5037],0.0,0.0
39530,[147940],0.0,0.0
3118,[130762],0.0,0.0
14454,[57811],0.0,0.0
9114,[21707],0.0,0.0
33040,[110463],0.0,0.0
23068,[84717],0.0,0.0
11613,[141667],0.0,0.0
34523,[1120],1.0,0.0
27979,[60874],0.0,0.0
14308,[4195],0.0,0.0
12683,[535],0.0,0.0
6609,[30744],0.0,0.0
8090,[36753],0.0,0.0
37503,[7275],0.0,0.0
23753,[86649],0.0,0.0
31570,[106976],0.0,0.0
26139,[92803],0.0,0.0
37409,[120829],0.0,0.0
17540,[143610],0.0,0.0
19323,[2215],0.0,0.0
23774,[77214],0.0,0.0
25492,[21463],0.0,0.0
16777,[35109],0.0,0.0
31347,[107168],0.0,0.0
8699,[9654],0.0,0.0
34678,[114401],0.0,0.0
29480,[101535],0.0,0.0
5705,[26935],0.0,0.0
42549,[132226],0.0,0.0
38033,[14113],0.0,0.0
44142,[1866],0.0,1.0
34537,[26669],0.0,0.0
30718,[52881],0.0,0.0
29281,[161521],0.0,0.0
22820,[16774],0.0,0.0
4903,[139425],0.0,0.0
42081,[131249],0.0,0.0
17160,[5044],0.0,1.0
22396,[82894],0.0,0.0
10082,[44039],0.0,0.0
23796,[86790],0.0,0.0
20203,[76693],0.0,0.0
19662,[3576],0.0,0.0
28606,[99308],0.0,0.0
2694,[18270],0.0,0.0
17289,[28904],0.0,0.0
35919,[117395],0.0,0.0
37144,[7567],0.0,0.0
7049,[32509],0.0,0.0
16851,[66441],0.0,0.0
10037,[43899],0.0,0.0
16718,[66053],0.0,0.0
38409,[123155],0.0,0.0
41291,[129556],0.0,0.0
26001,[26014],0.0,0.0
461,[2749],0.0,0.0
1299,[7311],0.0,0.0
8413,[38012],0.0,0.0
18780,[72574],0.0,0.0
26220,[145589],0.0,0.0
36027,[23332],0.0,0.0
11188,[48006],0.0,0.0
42709,[151699],0.0,0.0
37568,[121225],0.0,0.0
32782,[90055],0.0,0.0
13679,[45324],0.0,0.0
5652,[8482],0.0,1.0
44987,[22086],0.0,0.0
29016,[161442],0.0,0.0
31921,[15212],0.0,0.0
21513,[54108],0.0,0.0
29180,[67960],0.0,0.0
35086,[125678],0.0,0.0
18444,[143914],0.0,0.0
22325,[82676],0.0,0.0
1933,[10280],0.0,0.0
27037,[160816],0.0,0.0
40140,[91697],0.0,0.0
2299,[12070],0.0,0.0
6119,[6716],0.0,0.0
10821,[7457],0.0,0.0
6978,[42213],0.0,0.0
30993,[105532],0.0,0.0
4685,[8819],0.0,0.0
35120,[8654],0.0,0.0
41746,[35527],0.0,0.0
37779,[121683],0.0,0.0
41200,[23336],0.0,1.0
38389,[123131],0.0,0.0
23609,[25903],0.0,0.0
42656,[12603],0.0,0.0
14344,[58623],0.0,0.0
37034,[163826],0.0,0.0
26713,[94258],0.0,0.0
3016,[1823],0.0,0.0
44409,[152236],0.0,0.0
30073,[161753],0.0,0.0
1275,[19493],0.0,0.0
14134,[50150],0.0,0.0
10771,[138320],0.0,0.0
28086,[6470],0.0,0.0
3972,[19808],0.0,0.0
18610,[2671],0.0,0.0
4269,[153781],0.0,0.0
24013,[15654],0.0,0.0
43546,[27148],0.0,0.0
22935,[35013],0.0,0.0
34672,[7678],0.0,0.0
40099,[150810],0.0,0.0
9282,[41150],0.0,0.0
29102,[5825],0.0,0.0
5034,[24381],0.0,0.0
8266,[140590],0.0,0.0
41938,[51836],0.0,0.0
7103,[140190],0.0,0.0
14266,[58365],0.0,0.0
9616,[20007],0.0,0.0
38533,[62099],0.0,0.0
22800,[18493],0.0,0.0
40596,[164873],0.0,0.0
41722,[165220],0.0,0.0
44819,[77935],0.0,0.0
12964,[8236],0.0,0.0
11637,[137188],0.0,0.0
745,[137994],0.0,0.0
25964,[53499],0.0,0.0
8631,[38882],0.0,0.0
2057,[10928],0.0,0.0
37262,[9391],0.0,0.0
4713,[3366],0.0,0.0
29429,[10000],0.0,1.0
28816,[2603],0.0,0.0
2718,[14041],0.0,0.0
33503,[111608],0.0,0.0
14958,[36084],0.0,0.0
23776,[17118],0.0,1.0
28886,[5808],0.0,0.0
10079,[1503],0.0,0.0
37028,[30749],0.0,0.0
32052,[108140],0.0,0.0
28595,[40496],0.0,0.0
26990,[146654],0.0,0.0
14326,[58573],0.0,0.0
1205,[6808],0.0,0.0
3182,[147653],0.0,0.0
35931,[18000],0.0,0.0
42959,[60276],0.0,0.0
4334,[21323],0.0,0.0
15917,[2530],0.0,0.0
1574,[8597],0.0,0.0
27191,[95354],0.0,0.0
32247,[37039],0.0,0.0
22976,[4692],0.0,0.0
9797,[43028],0.0,0.0
25505,[146187],0.0,0.0
27598,[33415],0.0,0.0
7289,[33644],0.0,0.0
30320,[13644],0.0,0.0
24878,[2904],0.0,0.0
5881,[8010],0.0,0.0
38488,[164260],0.0,0.0
14932,[55577],0.0,0.0
27211,[32882],0.0,0.0
1848,[9888],0.0,0.0
42595,[12861],0.0,0.0
23114,[84834],0.0,0.0
4004,[19978],0.0,0.0
37310,[149955],0.0,0.0
43432,[43356],0.0,0.0
38238,[9581],0.0,0.0
35849,[14057],0.0,0.0
13458,[32838],0.0,0.0
16721,[4059],0.0,0.0
14086,[26989],0.0,0.0
43130,[139957],0.0,0.0
32174,[108423],0.0,0.0
17375,[34792],0.0,0.0
4345,[21348],0.0,0.0
31332,[6691],0.0,0.0
34498,[870],0.0,0.0
35342,[153133],0.0,0.0
37150,[19923],0.0,0.0
19157,[73712],0.0,0.0
11094,[364],0.0,0.0
14774,[41749],0.0,0.0
43113,[47456],0.0,0.0
25776,[91884],0.0,0.0
21533,[159166],0.0,0.0
11263,[17060],0.0,0.0
5991,[28050],0.0,0.0
34906,[12164],0.0,0.0
13409,[142259],0.0,0.0
37393,[14719],0.0,0.0
44107,[53705],0.0,0.0
346,[2041],0.0,0.0
11504,[49176],0.0,0.0
16953,[66812],0.0,0.0
24769,[149500],0.0,0.0
20309,[77015],0.0,0.0
20655,[10165],0.0,0.0
34466,[113857],0.0,0.0
40374,[2288],0.0,1.0
26648,[50551],0.0,0.0
18470,[10518],0.0,0.0
353,[2100],0.0,0.0
45032,[46612],0.0,0.0
36079,[75695],0.0,0.0
26054,[92601],0.0,0.0
8595,[3897],0.0,0.0
18057,[143778],0.0,0.0
7310,[33739],0.0,0.0
38373,[123110],0.0,0.0
28105,[98026],0.0,0.0
18188,[135711],0.0,0.0
6596,[65362],0.0,0.0
25305,[36270],0.0,0.0
24053,[36029],0.0,0.0
28354,[86195],0.0,0.0
35604,[2382],0.0,0.0
19677,[75159],0.0,0.0
2675,[13828],0.0,0.0
18205,[14802],0.0,0.0
21199,[79591],0.0,0.0
11973,[2062],0.0,0.0
24382,[88263],0.0,0.0
30436,[103991],0.0,0.0
22548,[8934],0.0,0.0
27239,[27415],0.0,0.0
12156,[51288],0.0,0.0
19322,[74120],0.0,0.0
28020,[147005],0.0,0.0
4828,[2184],0.0,0.0
12584,[52768],0.0,0.0
21589,[3730],0.0,0.0
33430,[111438],0.0,0.0
36195,[118005],0.0,0.0
23907,[25621],0.0,0.0
6421,[21316],0.0,0.0
26224,[47033],0.0,0.0
36958,[119736],0.0,0.0
27631,[8545],0.0,0.0
35475,[85115],0.0,0.0
35057,[12549],0.0,0.0
39464,[125628],0.0,0.0
11590,[49507],0.0,0.0
33491,[74936],0.0,0.0
22611,[83446],0.0,0.0
3025,[15521],0.0,0.0
8552,[14523],0.0,1.0
34786,[114651],0.0,0.0
8627,[38872],0.0,0.0
34421,[22448],0.0,0.0
20539,[1696],1.0,1.0
34923,[11234],0.0,0.0
10691,[9330],0.0,0.0
1260,[7122],0.0,0.0
10700,[155814],0.0,0.0
3703,[60094],0.0,0.0
11429,[48944],0.0,0.0
25737,[91770],0.0,0.0
16388,[60378],0.0,0.0
15354,[24494],0.0,0.0
5784,[102576],0.0,0.0
13386,[4716],0.0,1.0
42241,[15068],0.0,0.0
37544,[121170],0.0,0.0
18568,[113337],0.0,0.0
9437,[41681],0.0,0.0
27888,[41126],0.0,0.0
30166,[3226],0.0,0.0
33695,[14124],0.0,0.0
44098,[135489],0.0,0.0
993,[5742],0.0,0.0
9495,[7921],0.0,0.0
15083,[60803],0.0,0.0
5591,[12138],0.0,0.0
27916,[19922],0.0,0.0
8598,[155152],0.0,0.0
26455,[3728],0.0,0.0
1920,[10213],0.0,0.0
7102,[32783],0.0,0.0
40407,[150933],0.0,0.0
176,[1058],0.0,0.0
43052,[31075],0.0,0.0
11294,[48515],0.0,0.0
14881,[21260],0.0,0.0
30156,[103245],0.0,0.0
8401,[37951],0.0,0.0
3715,[8766],0.0,0.0
44775,[78004],0.0,0.0
38893,[124216],0.0,0.0
10924,[24840],0.0,0.0
30873,[13086],0.0,0.0
3778,[153636],0.0,0.0
4936,[23961],0.0,0.0
40548,[164860],0.0,0.0
34885,[6495],0.0,0.0
28022,[97792],0.0,0.0
9705,[2836],0.0,0.0
6140,[28644],0.0,0.0
12747,[1292],0.0,0.0
44061,[11646],0.0,0.0
269,[1636],0.0,0.0
8289,[37506],0.0,0.0
29147,[30660],0.0,0.0
24510,[88647],0.0,0.0
30152,[103239],0.0,0.0
26703,[1010],1.0,0.0
528,[3129],0.0,0.0
8087,[36736],0.0,0.0
32378,[162435],0.0,0.0
24826,[89475],0.0,0.0
14249,[142544],0.0,0.0
29485,[51477],0.0,0.0
4180,[19776],0.0,0.0
42974,[151797],0.0,0.0
3487,[17691],0.0,0.0
2882,[8186],0.0,1.0
24098,[12269],0.0,0.0
4965,[24070],0.0,0.0
27326,[23724],0.0,0.0
22120,[8626],0.0,0.0
110,[680],0.0,0.0
28192,[98245],0.0,0.0
31135,[105875],0.0,0.0
13449,[55427],0.0,0.0
3044,[15655],0.0,0.0
16505,[58296],0.0,0.0
16408,[65013],0.0,0.0
29538,[18215],0.0,0.0
9449,[25829],0.0,0.0
22462,[83051],0.0,0.0
44944,[76419],0.0,0.0
10823,[46782],0.0,0.0
25042,[716],0.0,0.0
35855,[117201],0.0,0.0
24262,[12304],0.0,0.0
34818,[16461],0.0,0.0
18961,[4656],0.0,0.0
14697,[5366],0.0,0.0
27980,[161128],0.0,0.0
2221,[5474],0.0,0.0
27031,[17391],0.0,0.0
8516,[12614],0.0,0.0
4527,[22078],0.0,0.0
34869,[8859],0.0,0.0
25177,[60583],0.0,0.0
4522,[6769],1.0,0.0
45106,[94659],0.0,0.0
27641,[5660],0.0,0.0
12699,[53123],0.0,0.0
40481,[14724],0.0,0.0
25761,[363],1.0,0.0
8293,[29123],0.0,0.0
10919,[47154],0.0,0.0
11243,[7882],0.0,0.0
6204,[28931],0.0,0.0
33188,[55202],0.0,0.0
38309,[8841],0.0,0.0
13285,[2084],0.0,0.0
28396,[98747],0.0,0.0
38739,[56536],0.0,0.0
43122,[26372],0.0,0.0
36495,[118573],0.0,0.0
17628,[68977],0.0,0.0
30362,[13546],0.0,0.0
10339,[44975],0.0,0.0
25853,[92068],0.0,0.0
25294,[29710],0.0,0.0
12674,[53059],0.0,0.0
25377,[27035],0.0,1.0
41538,[3831],1.0,0.0
39041,[14605],0.0,0.0
37410,[24627],0.0,0.0
12256,[2107],0.0,0.0
36720,[118999],0.0,0.0
36249,[39651],0.0,0.0
224,[1380],0.0,0.0
4282,[21064],0.0,0.0
25067,[90086],0.0,0.0
307,[1855],0.0,0.0
11721,[66506],0.0,0.0
31034,[28621],0.0,0.0
12665,[19933],0.0,0.0
37277,[40208],0.0,0.0
1495,[8255],0.0,0.0
4261,[153780],0.0,0.0
7162,[140207],0.0,0.0
27926,[97567],0.0,0.0
20512,[6437],0.0,0.0
37304,[81525],0.0,0.0
33347,[4040],0.0,0.0
8471,[36059],0.0,0.0
16580,[65545],0.0,0.0
32599,[24102],0.0,0.0
16196,[6039],0.0,0.0
17754,[69332],0.0,0.0
7639,[35052],0.0,0.0
41636,[11012],0.0,0.0
8482,[140664],0.0,0.0
7145,[32955],0.0,0.0
8671,[39036],0.0,0.0
22448,[83028],0.0,0.0
25804,[91960],0.0,0.0
44512,[136290],0.0,0.0
27878,[146968],0.0,0.0
20368,[77148],0.0,0.0
7220,[33332],0.0,0.0
24921,[89692],0.0,0.0
14256,[31342],0.0,0.0
3603,[56358],0.0,0.0
27624,[34215],0.0,0.0
28242,[1749],0.0,0.0
26426,[53274],0.0,0.0
22859,[25520],0.0,0.0
20133,[9980],0.0,0.0
24804,[5807],0.0,0.0
26184,[92926],0.0,0.0
20889,[78688],0.0,0.0
17188,[67592],0.0,0.0
16479,[39386],0.0,0.0
19783,[46668],0.0,0.0
9649,[42475],0.0,0.0
38431,[164245],0.0,0.0
13452,[55444],0.0,0.0
10416,[45214],0.0,0.0
26262,[93125],0.0,0.0
31017,[91763],0.0,0.0
25315,[90712],0.0,0.0
31023,[105594],0.0,0.0
15867,[107],0.0,0.0
42910,[151778],0.0,0.0
36767,[8388],0.0,0.0
14949,[50304],0.0,0.0
16515,[42377],0.0,0.0
40775,[32342],0.0,1.0
44662,[108130],0.0,0.0
43448,[24620],0.0,0.0
43040,[133274],0.0,0.0
29331,[101189],0.0,0.0
7556,[8841],0.0,0.0
224,[1388],0.0,0.0
18223,[70853],0.0,0.0
40787,[33780],0.0,0.0
15028,[136963],0.0,0.0
12675,[4865],0.0,1.0
22530,[83237],0.0,0.0
13983,[42459],0.0,0.0
27150,[95406],0.0,0.0
10401,[45163],0.0,0.0
33236,[18495],0.0,0.0
22565,[20866],0.0,1.0
24751,[89279],0.0,0.0
22509,[18057],0.0,0.0
15569,[29436],0.0,0.0
13774,[15708],0.0,0.0
33772,[112234],0.0,0.0
43550,[14002],0.0,1.0
32354,[16730],0.0,0.0
32798,[5282],0.0,1.0
45182,[12080],0.0,0.0
36500,[52176],0.0,0.0
44185,[135660],0.0,0.0
20012,[76182],0.0,0.0
38147,[122541],0.0,0.0
27901,[66844],0.0,0.0
23878,[88696],0.0,0.0
1233,[152879],0.0,0.0
9940,[12855],0.0,0.0
41167,[129204],0.0,0.0
1921,[10215],0.0,0.0
15160,[61041],0.0,0.0
18768,[17933],0.0,0.0
35038,[32185],0.0,0.0
1989,[10617],0.0,0.0
31195,[4607],0.0,0.0
22344,[27326],0.0,0.0
12543,[52592],0.0,0.0
35054,[149227],0.0,0.0
41340,[5894],0.0,0.0
31651,[20672],0.0,0.0
22921,[84278],0.0,0.0
17721,[69241],0.0,0.0
42637,[15665],0.0,0.0
43548,[58853],0.0,0.0
17035,[67007],0.0,0.0
6401,[29835],0.0,0.0
41002,[27035],0.0,0.0
19689,[67976],0.0,0.0
26991,[20650],0.0,0.0
32769,[109873],0.0,0.0
25241,[8017],0.0,0.0
37801,[121721],0.0,0.0
10120,[128483],0.0,0.0
9212,[40870],0.0,0.0
20000,[24481],0.0,0.0
9559,[42134],0.0,0.0
39196,[111171],0.0,0.0
27587,[27377],0.0,0.0
25451,[27393],0.0,0.0
38371,[21317],0.0,0.0
9843,[43168],0.0,0.0
36895,[116161],0.0,0.0
13499,[55607],0.0,0.0
23127,[159663],0.0,0.0
42422,[131950],0.0,0.0
11588,[140859],0.0,0.0
4262,[19231],0.0,0.0
22126,[138862],0.0,0.0
44041,[41139],0.0,0.0
6322,[29401],0.0,0.0
42047,[74129],0.0,0.0
7669,[34265],0.0,0.0
34412,[46704],0.0,0.0
25339,[160326],0.0,0.0
14125,[19901],0.0,0.0
18080,[31981],0.0,0.0
31511,[3120],0.0,0.0
42621,[1866],0.0,1.0
10815,[74087],0.0,0.0
27917,[97528],0.0,0.0
14173,[58035],0.0,0.0
15192,[30492],0.0,0.0
9018,[5326],1.0,1.0
43131,[9928],0.0,1.0
40370,[33217],0.0,0.0
3265,[16525],0.0,0.0
18116,[56643],0.0,0.0
15947,[3008],0.0,0.0
8001,[154954],0.0,0.0
16965,[66840],0.0,0.0
25911,[92224],0.0,0.0
36139,[149574],0.0,0.0
21790,[1934],0.0,0.0
11563,[117286],0.0,0.0
44123,[19692],0.0,0.0
2419,[12566],0.0,0.0
23866,[4746],0.0,0.0
22909,[5487],0.0,1.0
40342,[24642],0.0,0.0
41765,[54906],0.0,0.0
6972,[53393],0.0,0.0
41662,[14391],0.0,1.0
42079,[131246],0.0,0.0
25970,[92365],0.0,0.0
5240,[25150],0.0,0.0
45064,[22112],0.0,1.0
23401,[7241],0.0,0.0
35101,[12436],0.0,0.0
18578,[27035],0.0,0.0
19294,[30714],0.0,0.0
23165,[84970],0.0,0.0
31166,[105946],0.0,0.0
20852,[3758],0.0,0.0
18422,[5832],0.0,0.0
37366,[120665],0.0,0.0
20167,[76583],0.0,0.0
39593,[35675],0.0,0.0
29078,[84054],0.0,0.0
39559,[125866],0.0,0.0
13785,[32652],0.0,0.0
11223,[141528],0.0,0.0
16918,[66687],0.0,0.0
1189,[6738],0.0,0.0
25536,[18479],0.0,0.0
31844,[10160],0.0,1.0
41051,[151129],0.0,0.0
38545,[123490],0.0,0.0
3495,[17727],0.0,0.0
22297,[7921],0.0,1.0
44520,[116711],0.0,0.0
28249,[161196],0.0,0.0
5034,[19507],0.0,0.0
27683,[44834],0.0,0.0
38368,[35945],0.0,0.0
23297,[57451],0.0,0.0
8734,[39276],0.0,0.0
3685,[18564],0.0,0.0
12545,[52598],0.0,0.0
25595,[51405],0.0,0.0
18191,[70746],0.0,0.0
17694,[876],0.0,0.0
17146,[38841],0.0,0.0
42507,[6218],0.0,0.0
16739,[66104],0.0,0.0
7101,[32779],0.0,0.0
12443,[156327],0.0,0.0
39098,[124698],0.0,0.0
4775,[23306],0.0,0.0
14134,[47501],0.0,0.0
6494,[30306],0.0,0.0
28337,[98582],0.0,0.0
15737,[62926],0.0,0.0
15961,[63564],0.0,0.0
3961,[19732],0.0,0.0
7115,[71443],0.0,0.0
5176,[24923],0.0,0.0
19577,[74862],0.0,0.0
26615,[93957],0.0,0.0
33778,[16312],0.0,1.0
19792,[75534],0.0,0.0
24899,[76085],0.0,0.0
44174,[135638],0.0,0.0
3717,[24570],0.0,0.0
34616,[33077],0.0,0.0
16323,[59644],0.0,0.0
17858,[105883],0.0,0.0
8118,[2449],0.0,0.0
32255,[15083],0.0,0.0
17615,[6401],0.0,0.0
28304,[98524],0.0,0.0
28124,[21479],0.0,0.0
25087,[16425],0.0,0.0
10018,[42630],0.0,0.0
39355,[51478],0.0,0.0
37772,[106206],0.0,0.0
43859,[135067],0.0,0.0
14273,[58383],0.0,0.0
32351,[108876],0.0,0.0
2328,[12209],0.0,0.0
795,[4629],0.0,0.0
2451,[12729],0.0,0.0
30699,[99601],0.0,0.0
45051,[2288],0.0,0.0
30610,[7714],0.0,1.0
5437,[97534],0.0,0.0
4770,[23286],0.0,0.0
8440,[38144],0.0,0.0
37364,[13182],0.0,0.0
10567,[18050],0.0,0.0
2433,[12638],0.0,0.0
40832,[64145],0.0,0.0
5799,[64554],0.0,0.0
5441,[25996],0.0,0.0
13670,[56208],0.0,0.0
1997,[74540],0.0,0.0
3683,[18558],0.0,0.0
9402,[41555],0.0,0.0
29561,[101783],0.0,0.0
10455,[141281],0.0,0.0
43310,[165702],0.0,0.0
32341,[145005],0.0,0.0
20094,[13383],0.0,0.0
42740,[12390],0.0,0.0
7678,[35210],0.0,0.0
1809,[153049],0.0,0.0
4707,[22999],0.0,0.0
31152,[105916],0.0,0.0
21597,[27672],0.0,0.0
43326,[34626],0.0,0.0
663,[3940],0.0,0.0
16571,[15682],0.0,0.0
7308,[33731],0.0,0.0
10968,[79166],0.0,0.0
12184,[3126],0.0,0.0
6575,[128511],0.0,0.0
43096,[68314],0.0,0.0
5958,[8118],0.0,0.0
27229,[95657],0.0,0.0
30097,[103104],0.0,0.0
22023,[19976],0.0,0.0
13041,[54141],0.0,0.0
9586,[6006],0.0,1.0
9339,[155377],0.0,0.0
45031,[14040],0.0,0.0
21325,[79996],0.0,0.0
593,[3482],0.0,0.0
9232,[7571],0.0,1.0
6548,[30523],0.0,0.0
34062,[55366],0.0,0.0
41679,[41856],0.0,0.0
40804,[125947],0.0,0.0
37646,[64849],0.0,0.0
5502,[26230],0.0,0.0
36951,[119631],0.0,0.0
10559,[155774],0.0,0.0
9255,[41055],0.0,0.0
28946,[8234],0.0,0.0
27703,[8119],0.0,0.0
4397,[21555],0.0,0.0
3759,[18862],0.0,0.0
8811,[39514],0.0,0.0
16461,[65139],0.0,0.0
25686,[91680],0.0,0.0
34643,[20052],0.0,0.0
23169,[109826],0.0,0.0
2805,[14487],0.0,0.0
43615,[139441],0.0,0.0
11311,[3754],0.0,0.0
16698,[89570],0.0,0.0
21081,[79190],0.0,0.0
14293,[125713],0.0,0.0
40699,[18059],0.0,0.0
8207,[37204],0.0,0.0
17763,[1010],1.0,0.0
39956,[126700],0.0,0.0
24007,[87342],0.0,0.0
10582,[8129],0.0,0.0
5810,[27340],0.0,0.0
3707,[18643],0.0,0.0
8315,[37599],0.0,0.0
35813,[117091],0.0,0.0
8849,[39659],0.0,0.0
17871,[35368],0.0,0.0
1106,[6305],0.0,0.0
2343,[153214],0.0,0.0
29856,[6968],0.0,0.0
18831,[72708],0.0,0.0
40340,[20519],0.0,0.0
41548,[120504],0.0,0.0
35764,[2904],0.0,0.0
39645,[55247],0.0,0.0
6353,[29629],0.0,0.0
33863,[109137],0.0,0.0
2131,[11270],0.0,0.0
5672,[80417],0.0,0.0
13783,[1724],0.0,0.0
32081,[108215],0.0,0.0
38679,[84827],0.0,0.0
15525,[17668],0.0,0.0
17330,[1605],0.0,0.0
42968,[50751],0.0,0.0
2173,[11457],0.0,0.0
19498,[99372],0.0,0.0
18722,[25634],0.0,0.0
8216,[8957],0.0,0.0
20326,[10755],0.0,0.0
11657,[3756],0.0,0.0
2279,[8019],0.0,0.0
3899,[19459],0.0,0.0
32970,[601],1.0,0.0
44392,[48662],0.0,0.0
9637,[141037],0.0,0.0
40700,[529],1.0,1.0
42452,[132010],0.0,0.0
39728,[922],1.0,0.0
24381,[160037],0.0,0.0
41382,[2301],0.0,0.0
27961,[97644],0.0,0.0
43102,[12233],0.0,0.0
21214,[65132],0.0,0.0
30531,[6788],1.0,1.0
2480,[12901],0.0,0.0
29157,[26313],0.0,0.0
28155,[147043],0.0,0.0
18034,[40932],0.0,0.0
1048,[5987],0.0,0.0
9278,[41135],0.0,0.0
38998,[30820],0.0,0.0
30741,[35753],0.0,0.0
36922,[41340],0.0,0.0
5099,[24634],0.0,0.0
2484,[12953],0.0,0.0
42423,[131952],0.0,0.0
17665,[37431],0.0,0.0
32545,[162487],0.0,0.0
15641,[62533],0.0,0.0
28167,[26000],0.0,1.0
29488,[101564],0.0,0.0
32662,[61621],0.0,0.0
9840,[20682],0.0,0.0
3473,[17590],0.0,0.0
36575,[163679],0.0,0.0
40768,[38385],0.0,0.0
21949,[81820],0.0,0.0
24925,[9331],0.0,0.0
24675,[3020],0.0,0.0
23830,[86891],0.0,0.0
7995,[154952],0.0,0.0
42888,[14185],0.0,0.0
40253,[127288],0.0,0.0
3365,[38],0.0,1.0
9896,[32571],0.0,0.0
16715,[66032],0.0,0.0
31412,[32252],0.0,0.0
862,[152760],0.0,0.0
42123,[76110],0.0,0.0
6339,[29532],0.0,0.0
3574,[31528],0.0,0.0
21867,[9491],0.0,0.0
35598,[18667],0.0,0.0
6563,[30571],0.0,0.0
22783,[50404],0.0,0.0
23661,[29265],0.0,0.0
12473,[40206],0.0,0.0
21826,[23632],0.0,0.0
37224,[120325],0.0,0.0
16212,[64407],0.0,0.0
42973,[132525],0.0,0.0
39455,[125595],0.0,0.0
2114,[24630],0.0,0.0
32156,[108382],0.0,0.0
32302,[14100],0.0,0.0
31623,[3032],0.0,0.0
42063,[82003],0.0,0.0
21175,[159066],0.0,0.0
39407,[36930],0.0,0.0
28120,[18782],0.0,0.0
21831,[81414],0.0,0.0
42397,[63732],0.0,0.0
18698,[72252],0.0,0.0
35517,[116370],0.0,0.0
3386,[11961],0.0,0.0
1068,[6081],0.0,0.0
12869,[1132],0.0,0.0
3089,[15785],0.0,0.0
12191,[51395],0.0,0.0
3780,[18938],0.0,0.0
26041,[92550],0.0,0.0
4693,[134777],0.0,0.0
21611,[80735],0.0,0.0
36710,[163719],0.0,0.0
1481,[563],0.0,0.0
39412,[25225],0.0,0.0
40228,[127238],0.0,0.0
21011,[13403],0.0,0.0
43558,[165787],0.0,0.0
30505,[7306],0.0,0.0
38864,[7339],0.0,0.0
41422,[59438],0.0,0.0
32052,[32595],0.0,1.0
29686,[102081],0.0,0.0
34862,[18618],0.0,0.0
37003,[28335],0.0,0.0
3115,[15915],0.0,0.0
10953,[47261],0.0,0.0
19242,[125185],0.0,0.0
24724,[145930],0.0,0.0
22963,[76762],0.0,0.0
14467,[59039],0.0,0.0
24814,[89431],0.0,0.0
13898,[36561],0.0,1.0
42542,[132179],0.0,0.0
19166,[158431],0.0,0.0
11615,[49574],0.0,0.0
2281,[11987],0.0,0.0
38568,[119296],0.0,0.0
43581,[73013],0.0,0.0
7945,[29985],0.0,0.0
40352,[88156],0.0,0.0
15945,[63524],0.0,0.0
44803,[136981],0.0,0.0
36436,[149681],0.0,0.0
9979,[43683],0.0,0.0
5829,[2245],0.0,0.0
14675,[59659],0.0,0.0
29815,[102387],0.0,0.0
16387,[64927],0.0,0.0
28062,[19148],0.0,0.0
232,[1433],0.0,0.0
1303,[7335],0.0,0.0
15380,[61688],0.0,0.0
44758,[48723],0.0,0.0
39559,[84203],0.0,0.0
23681,[86455],0.0,0.0
39953,[6555],0.0,0.0
29988,[102801],0.0,0.0
31571,[106996],0.0,0.0
2695,[138662],0.0,0.0
24824,[89467],0.0,0.0
39218,[120411],0.0,0.0
30023,[5821],0.0,0.0
21053,[29662],0.0,0.0
15214,[6556],0.0,0.0
24306,[88030],0.0,0.0
34539,[114824],0.0,0.0
16441,[31421],0.0,0.0
18110,[158097],0.0,0.0
22546,[83297],0.0,0.0
18170,[14071],0.0,0.0
43506,[5043],0.0,0.0
22770,[77024],0.0,0.0
36449,[25419],0.0,0.0
25524,[46981],0.0,0.0
38434,[49351],0.0,0.0
35436,[6788],1.0,1.0
730,[4318],0.0,0.0
38362,[123075],0.0,0.0
3963,[25681],0.0,0.0
33177,[38357],0.0,0.0
32388,[148374],0.0,0.0
42446,[131996],0.0,0.0
34739,[14767],0.0,0.0
29779,[30369],0.0,0.0
13171,[45588],0.0,0.0
4892,[29938],0.0,0.0
8129,[154996],0.0,0.0
30198,[103314],0.0,0.0
10882,[152743],0.0,0.0
16922,[66712],0.0,0.0
27875,[164],0.0,0.0
18338,[71155],0.0,0.0
17239,[67748],0.0,0.0
28511,[99066],0.0,0.0
33980,[112719],0.0,0.0
16909,[66650],0.0,0.0
25758,[52866],0.0,0.0
18217,[70831],0.0,0.0
17572,[17064],0.0,0.0
40389,[127582],0.0,0.0
44639,[56770],0.0,0.0
39597,[95],0.0,1.0
29003,[100379],0.0,0.0
17204,[67641],0.0,0.0
20866,[78616],0.0,0.0
42038,[70222],0.0,0.0
29310,[5326],1.0,0.0
23354,[29142],0.0,0.0
25698,[37869],0.0,0.0
33732,[22040],0.0,0.0
30613,[15471],0.0,0.0
28903,[100139],0.0,0.0
20127,[27350],0.0,0.0
16189,[43403],0.0,0.0
42598,[31281],0.0,0.0
29014,[3074],0.0,0.0
8382,[17070],0.0,0.0
7418,[95685],0.0,0.0
8220,[17444],0.0,0.0
33287,[111036],0.0,0.0
28220,[161188],0.0,0.0
30269,[103569],0.0,0.0
26122,[15291],0.0,0.0
22503,[34655],0.0,0.0
22735,[32181],0.0,0.0
14499,[59136],0.0,0.0
41398,[129799],0.0,0.0
20251,[76878],0.0,0.0
579,[152665],0.0,0.0
25546,[160385],0.0,0.0
17061,[51226],0.0,0.0
27761,[146924],0.0,0.0
1648,[8993],0.0,0.0
30807,[87755],0.0,0.0
39051,[51677],0.0,0.0
43951,[152091],0.0,0.0
15579,[50751],0.0,0.0
36503,[118585],0.0,0.0
41550,[45563],0.0,0.0
2972,[15277],0.0,0.0
10181,[44420],0.0,0.0
15152,[61008],0.0,0.0
41341,[129684],0.0,0.0
27420,[46056],0.0,0.0
42153,[40016],0.0,0.0
32580,[78112],0.0,0.0
37799,[16039],0.0,0.0
30745,[13200],0.0,0.0
17776,[21934],0.0,0.0
25070,[90091],0.0,0.0
17684,[69120],0.0,0.0
29862,[27828],0.0,0.0
6171,[28801],0.0,0.0
5210,[3283],0.0,0.0
3454,[79],1.0,0.0
25711,[7825],0.0,0.0
25030,[39872],0.0,0.0
8939,[39958],0.0,0.0
15752,[378],0.0,0.0
11750,[141715],0.0,0.0
18721,[72337],0.0,0.0
5690,[542],0.0,0.0
6642,[30847],0.0,0.0
33775,[112240],0.0,0.0
4977,[48600],0.0,0.0
14900,[2788],0.0,0.0
4068,[71517],0.0,0.0
21666,[80925],0.0,0.0
29721,[102150],0.0,0.0
34373,[9367],0.0,0.0
12405,[52167],0.0,0.0
39989,[84660],0.0,0.0
40877,[99703],0.0,0.0
31156,[91791],0.0,0.0
3669,[18490],0.0,0.0
17997,[61842],0.0,0.0
43367,[31922],0.0,0.0
5117,[24692],0.0,0.0
33283,[1849],0.0,1.0
38535,[123454],0.0,0.0
37493,[112],0.0,1.0
37244,[163897],0.0,0.0
6622,[17501],0.0,0.0
39233,[125041],0.0,0.0
6700,[31031],0.0,0.0
6256,[154378],0.0,0.0
43467,[21259],0.0,0.0
37324,[120574],0.0,0.0
39197,[46827],0.0,0.0
13663,[56189],0.0,0.0
33201,[56743],0.0,0.0
8596,[38752],0.0,0.0
7731,[35435],0.0,0.0
35820,[40976],0.0,0.0
2621,[13579],0.0,0.0
1962,[10471],0.0,0.0
16840,[66407],0.0,0.0
12173,[38691],0.0,0.0
14589,[59409],0.0,0.0
41112,[129100],0.0,0.0
2947,[15140],0.0,0.0
32261,[108665],0.0,0.0
3358,[80625],0.0,0.0
28272,[16233],0.0,0.0
4112,[20384],0.0,0.0
22985,[84432],0.0,0.0
30908,[105300],0.0,0.0
23203,[85098],0.0,0.0
30644,[104573],0.0,0.0
33794,[112273],0.0,0.0
10436,[15772],0.0,0.0
33160,[1351],0.0,0.0
38165,[96246],0.0,0.0
34987,[48647],0.0,0.0
36945,[119589],0.0,0.0
34470,[113871],0.0,0.0
21525,[80535],0.0,0.0
1237,[3897],0.0,0.0
27864,[12434],0.0,1.0
19582,[74872],0.0,0.0
2232,[11753],0.0,0.0
7293,[33680],0.0,0.0
22326,[19250],0.0,0.0
4586,[18096],0.0,1.0
35405,[116112],0.0,0.0
43378,[32346],0.0,0.0
23205,[145435],0.0,0.0
13031,[27560],0.0,0.0
12384,[52075],0.0,0.0
36795,[119188],0.0,0.0
32564,[25051],0.0,0.0
30230,[26463],0.0,0.0
205,[137812],0.0,0.0
28503,[147189],0.0,0.0
18190,[158119],0.0,0.0
27330,[95899],0.0,0.0
35926,[12959],0.0,0.0
44284,[20535],0.0,0.0
41430,[108274],0.0,0.0
37945,[1895],0.0,0.0
7692,[35293],0.0,0.0
9216,[40877],0.0,0.0
5966,[27964],0.0,0.0
29960,[102749],0.0,0.0
2515,[138600],0.0,0.0
37928,[122069],0.0,0.0
41878,[151391],0.0,0.0
22827,[16196],0.0,0.0
23032,[145385],0.0,0.0
7210,[154703],0.0,0.0
34810,[40704],0.0,0.0
31829,[22163],0.0,0.0
21943,[9933],0.0,0.0
35018,[100656],0.0,0.0
11153,[141506],0.0,0.0
33583,[23812],0.0,0.0
44587,[18841],0.0,0.0
24356,[88181],0.0,0.0
30002,[96343],0.0,0.0
38142,[761],1.0,0.0
42658,[90490],0.0,0.0
44916,[152389],0.0,0.0
17621,[68969],0.0,0.0
33324,[33459],0.0,0.0
44260,[848],1.0,0.0
31261,[35154],0.0,0.0
15538,[142959],0.0,0.0
19172,[73755],0.0,0.0
25842,[160465],0.0,0.0
9866,[43275],0.0,0.0
14547,[59263],0.0,0.0
14689,[59706],0.0,0.0
22514,[83197],0.0,0.0
42470,[21617],0.0,0.0
39594,[8480],0.0,0.0
30694,[147841],0.0,0.0
33453,[148696],0.0,0.0
5460,[26077],0.0,0.0
1655,[15311],0.0,0.0
26392,[93441],0.0,0.0
22113,[970],0.0,0.0
1136,[6440],0.0,0.0
26486,[93646],0.0,0.0
38425,[123206],0.0,0.0
36134,[23728],0.0,0.0
20887,[4792],0.0,0.0
4207,[20753],0.0,0.0
39641,[115700],0.0,0.0
17624,[68971],0.0,0.0
614,[3660],0.0,0.0
9092,[40514],0.0,0.0
27741,[57580],0.0,0.0
42844,[1584],0.0,0.0
5250,[13932],0.0,0.0
16501,[5018],0.0,0.0
38824,[56244],0.0,0.0
13305,[3215],0.0,0.0
6015,[28157],0.0,0.0
19659,[75075],0.0,0.0
33985,[112726],0.0,0.0
8084,[36725],0.0,0.0
35682,[65774],0.0,0.0
21592,[84823],0.0,0.0
16652,[65821],0.0,0.0
22306,[82644],0.0,0.0
21985,[11777],0.0,0.0
24642,[67605],0.0,0.0
27059,[67453],0.0,0.0
4203,[20728],0.0,0.0
24086,[4223],1.0,0.0
1984,[13821],0.0,0.0
8478,[5682],0.0,0.0
30896,[3021],0.0,0.0
11035,[112191],0.0,0.0
7193,[23354],0.0,0.0
29985,[102793],0.0,0.0
2254,[1548],0.0,0.0
19869,[47445],0.0,0.0
36737,[22017],0.0,0.0
20219,[76755],0.0,0.0
2273,[2240],0.0,1.0
31536,[3946],0.0,0.0
39168,[124892],0.0,0.0
15710,[24341],0.0,0.0
15438,[61850],0.0,0.0
14607,[47390],0.0,0.0
38485,[1994],0.0,0.0
6907,[31941],0.0,0.0
28547,[99162],0.0,0.0
33978,[112714],0.0,0.0
9863,[7670],0.0,0.0
18751,[72476],0.0,0.0
18104,[23854],0.0,0.0
29873,[14854],0.0,0.0
988,[2742],0.0,1.0
18201,[70796],0.0,0.0
29721,[52336],0.0,0.0
1125,[4864],0.0,0.0
27654,[51361],0.0,0.0
15649,[62639],0.0,0.0
43845,[38590],0.0,0.0
7647,[32500],0.0,0.0
31571,[106995],0.0,0.0
15101,[60861],0.0,0.0
7114,[32831],0.0,0.0
25487,[45880],0.0,0.0
14239,[142541],0.0,0.0
34823,[114710],0.0,0.0
32950,[110258],0.0,0.0
23422,[85716],0.0,0.0
21928,[81748],0.0,0.0
35302,[6309],0.0,0.0
18586,[71884],0.0,0.0
34398,[113674],0.0,0.0
29091,[100606],0.0,0.0
41948,[8305],0.0,0.0
28992,[8482],0.0,0.0
44959,[137277],0.0,0.0
25671,[4713],0.0,0.0
34937,[4216],0.0,0.0
2193,[3138],1.0,0.0
39781,[11606],0.0,0.0
23715,[10421],0.0,0.0
172,[30708],0.0,0.0
41918,[55927],0.0,0.0
14074,[2207],0.0,1.0
20089,[144439],0.0,0.0
33650,[29361],0.0,0.0
2551,[13257],0.0,0.0
43112,[8834],0.0,0.0
37740,[121590],0.0,0.0
1079,[6141],0.0,0.0
29200,[9267],0.0,0.0
21591,[9652],0.0,0.0
33690,[148777],0.0,0.0
5510,[26245],0.0,0.0
44730,[136752],0.0,0.0
26297,[93193],0.0,0.0
40316,[70391],0.0,0.0
9457,[41778],0.0,0.0
24196,[159987],0.0,0.0
25194,[90448],0.0,0.0
11604,[6167],0.0,1.0
22487,[159470],0.0,0.0
33930,[112601],0.0,0.0
26511,[6096],0.0,0.0
9255,[29088],0.0,0.0
23137,[81427],0.0,0.0
42319,[20852],0.0,0.0
19524,[74717],0.0,0.0
30672,[77552],0.0,0.0
15961,[143094],0.0,0.0
918,[5327],0.0,1.0
37950,[52197],0.0,1.0
44208,[128699],0.0,0.0
8345,[37698],0.0,0.0
23001,[16365],0.0,0.0
30839,[11649],0.0,0.0
22180,[10415],0.0,1.0
35408,[116133],0.0,0.0
21042,[25955],0.0,0.0
10269,[44716],0.0,0.0
28279,[23],0.0,0.0
23,[147],0.0,1.0
27107,[95292],0.0,0.0
37359,[8401],0.0,0.0
16181,[117313],0.0,0.0
13225,[1010],1.0,1.0
32016,[108049],0.0,0.0
28319,[193],1.0,1.0
18343,[71171],0.0,0.0
35966,[60842],0.0,0.0
14542,[125822],0.0,0.0
37238,[64802],0.0,0.0
8968,[4397],0.0,0.0
10480,[35067],0.0,0.0
42662,[132482],0.0,0.0
7069,[19967],0.0,0.0
35271,[38131],0.0,0.0
39107,[124708],0.0,0.0
39925,[51172],0.0,0.0
15734,[773],0.0,0.0
14544,[59255],0.0,0.0
15645,[10089],0.0,0.0
16299,[64642],0.0,0.0
8902,[39839],0.0,0.0
5166,[20211],0.0,0.0
36808,[149799],0.0,0.0
4865,[21796],0.0,0.0
31543,[106911],0.0,0.0
37385,[9132],0.0,0.0
39856,[126481],0.0,0.0
34524,[74408],0.0,0.0
38607,[502],0.0,1.0
25732,[11737],1.0,1.0
12878,[4121],0.0,1.0
26939,[94890],0.0,0.0
29232,[100954],0.0,0.0
26584,[93906],0.0,0.0
23577,[58600],0.0,0.0
32678,[12438],0.0,0.0
31670,[31011],0.0,0.0
13410,[55264],0.0,0.0
41921,[41589],0.0,0.0
31203,[17964],0.0,0.0
28989,[100326],0.0,0.0
21623,[80780],0.0,0.0
24039,[87421],0.0,0.0
38573,[123543],0.0,0.0
8807,[39495],0.0,0.0
37474,[91676],0.0,0.0
19978,[10027],0.0,0.0
26809,[94556],0.0,0.0
1270,[7168],0.0,0.0
43560,[94473],0.0,0.0
13601,[8305],0.0,1.0
35738,[67956],0.0,0.0
19844,[75650],0.0,0.0
11543,[22866],0.0,0.0
18534,[71735],0.0,0.0
1404,[5789],0.0,0.0
19905,[47640],0.0,0.0
3345,[16927],0.0,0.0
35789,[116970],0.0,0.0
41582,[51048],0.0,0.0
36406,[1968],0.0,0.0
33093,[228],0.0,0.0
2484,[30454],0.0,0.0
17637,[49101],0.0,0.0
3018,[15493],0.0,0.0
21807,[59177],0.0,0.0
18933,[39026],0.0,0.0
35481,[18802],0.0,0.0
4398,[8624],0.0,0.0
19447,[74443],0.0,0.0
39479,[125675],0.0,0.0
38911,[124248],0.0,0.0
17294,[9933],0.0,0.0
43572,[65601],0.0,0.0
10851,[46873],0.0,0.0
4402,[21566],0.0,0.0
43088,[165647],0.0,0.0
41601,[10008],0.0,0.0
5375,[22788],0.0,0.0
29276,[101045],0.0,0.0
22043,[82043],0.0,0.0
33567,[2501],1.0,0.0
17436,[68422],0.0,0.0
37258,[109290],0.0,0.0
34616,[114202],0.0,0.0
39740,[1667],0.0,0.0
42644,[151670],0.0,0.0
38748,[64663],0.0,0.0
43117,[165656],0.0,0.0
28991,[15925],0.0,0.0
45066,[7977],0.0,0.0
25609,[14214],0.0,0.0
9152,[40693],0.0,0.0
5827,[55201],0.0,0.0
30295,[38550],0.0,0.0
31997,[135440],0.0,0.0
34015,[53309],0.0,0.0
16171,[64305],0.0,0.0
11828,[14733],0.0,0.0
17434,[9740],0.0,0.0
34108,[113038],0.0,0.0
9607,[13546],0.0,0.0
26310,[647],1.0,0.0
44856,[68113],0.0,0.0
18739,[72392],0.0,0.0
33598,[664],0.0,0.0
34512,[113960],0.0,0.0
45041,[137455],0.0,0.0
5471,[26102],0.0,0.0
12615,[52859],0.0,0.0
1139,[6454],0.0,0.0
39066,[8260],0.0,0.0
15155,[6470],0.0,0.0
16323,[64738],0.0,0.0
15122,[13689],0.0,0.0
28489,[48974],0.0,0.0
8839,[29750],0.0,0.0
35802,[2382],0.0,0.0
3052,[15623],0.0,0.0
39,[221],0.0,0.0
15345,[1010],1.0,0.0
35097,[115382],0.0,0.0
34535,[36667],0.0,0.0
24592,[10095],0.0,0.0
39921,[11597],0.0,0.0
27242,[8889],0.0,0.0
33751,[112145],0.0,0.0
20048,[2267],0.0,1.0
7976,[6169],0.0,0.0
23963,[10092],0.0,0.0
37165,[32143],0.0,0.0
23679,[86449],0.0,0.0
4795,[23387],0.0,0.0
32756,[6031],0.0,0.0
27178,[95513],0.0,0.0
15696,[62766],0.0,0.0
2076,[11018],0.0,0.0
38257,[7978],0.0,0.0
23680,[86451],0.0,0.0
766,[4497],0.0,0.0
26836,[1866],0.0,0.0
35003,[115197],0.0,0.0
37283,[47607],0.0,0.0
33524,[9993],0.0,1.0
33094,[7575],0.0,1.0
19947,[75971],0.0,0.0
34790,[4786],0.0,0.0
13888,[57129],0.0,0.0
4345,[153805],0.0,0.0
12434,[52278],0.0,0.0
30701,[6999],0.0,1.0
37418,[120858],0.0,0.0
3474,[17646],0.0,0.0
20391,[647],1.0,0.0
19211,[24014],0.0,0.0
1487,[8216],0.0,0.0
3422,[17316],0.0,0.0
6877,[3758],0.0,0.0
21185,[47026],0.0,0.0
31642,[107240],0.0,0.0
13555,[92953],0.0,0.0
38199,[122643],0.0,0.0
36938,[125129],0.0,0.0
41195,[151175],0.0,0.0
14985,[60576],0.0,0.0
24594,[4394],0.0,0.0
37743,[59724],0.0,0.0
19385,[24903],0.0,0.0
44034,[135385],0.0,0.0
37113,[120071],0.0,0.0
18404,[71364],0.0,0.0
9405,[41575],0.0,0.0
29656,[102004],0.0,0.0
22750,[75243],0.0,0.0
39485,[46129],0.0,0.0
17921,[143736],0.0,0.0
40273,[23160],0.0,0.0
26336,[72385],0.0,0.0
22072,[63885],0.0,0.0
20051,[76278],0.0,0.0
31091,[102377],0.0,0.0
18403,[6107],0.0,0.0
15041,[60705],0.0,0.0
692,[4107],0.0,0.0
22065,[82098],0.0,0.0
23109,[84826],0.0,0.0
33937,[112624],0.0,0.0
18486,[43906],0.0,0.0
40745,[151036],0.0,0.0
5971,[27976],0.0,0.0
7900,[36046],0.0,0.0
44325,[166019],0.0,0.0
25159,[86773],0.0,0.0
30642,[104572],0.0,0.0
40045,[4714],0.0,0.0
34738,[60380],0.0,0.0
34440,[22139],0.0,0.0
722,[4218],0.0,0.0
41933,[151417],0.0,0.0
5499,[26224],0.0,0.0
30786,[29814],0.0,1.0
6252,[29109],0.0,0.0
17916,[66809],0.0,0.0
10422,[5016],0.0,1.0
25414,[90965],0.0,0.0
20970,[78928],0.0,0.0
18450,[158193],0.0,0.0
29487,[101562],0.0,0.0
1674,[9105],0.0,0.0
3116,[15918],0.0,0.0
18709,[72308],0.0,0.0
43851,[12591],0.0,0.0
2835,[14646],0.0,0.0
2774,[14294],0.0,0.0
32021,[41408],0.0,0.0
3045,[138782],0.0,0.0
10263,[44672],0.0,0.0
41221,[44075],0.0,0.0
30661,[104671],0.0,0.0
15383,[157257],0.0,0.0
34081,[112969],0.0,0.0
44895,[137151],0.0,0.0
3428,[17355],0.0,0.0
37107,[120054],0.0,0.0
31771,[107557],0.0,0.0
14302,[142565],0.0,0.0
31650,[107258],0.0,0.0
44218,[58238],0.0,0.0
25027,[118561],0.0,0.0
27539,[96582],0.0,0.0
6545,[30501],0.0,0.0
43601,[134544],0.0,0.0
4443,[21751],0.0,0.0
26032,[85299],0.0,0.0
27464,[2079],0.0,0.0
2484,[12951],0.0,0.0
31046,[19442],0.0,1.0
23886,[14816],0.0,0.0
17124,[67373],0.0,0.0
43784,[152045],0.0,0.0
57,[347],0.0,0.0
2460,[11031],0.0,0.0
23375,[85502],0.0,0.0
31850,[14081],0.0,0.0
31291,[106304],0.0,0.0
35254,[8280],0.0,0.0
3380,[138908],0.0,0.0
806,[4713],0.0,0.0
4620,[22479],0.0,0.0
23892,[18019],0.0,0.0
25138,[90227],0.0,0.0
23316,[159722],0.0,0.0
31073,[95472],0.0,0.0
17000,[157767],0.0,0.0
9113,[40565],0.0,0.0
36370,[118328],0.0,0.0
2100,[11128],0.0,0.0
16003,[22192],0.0,0.0
13596,[6713],0.0,0.0
15891,[137956],0.0,0.0
4953,[24034],0.0,0.0
6592,[30672],0.0,0.0
14946,[60477],0.0,0.0
2071,[10996],0.0,0.0
18459,[158197],0.0,0.0
41996,[46196],0.0,0.0
16323,[22965],0.0,0.0
37429,[120867],0.0,0.0
33041,[162645],0.0,0.0
34771,[163155],0.0,0.0
35359,[3126],0.0,0.0
21596,[37806],0.0,0.0
33021,[148560],0.0,0.0
22971,[84412],0.0,0.0
42707,[26841],0.0,0.0
44560,[120527],0.0,0.0
37255,[120402],0.0,0.0
40654,[24464],0.0,0.0
28205,[98292],0.0,0.0
842,[32277],0.0,0.0
39409,[125530],0.0,0.0
5108,[19014],0.0,0.0
39460,[36345],0.0,0.0
28123,[10410],0.0,0.0
8711,[1871],0.0,1.0
23806,[80605],0.0,0.0
26743,[33833],0.0,0.0
17065,[143456],0.0,0.0
795,[138012],0.0,0.0
23370,[33220],0.0,0.0
17757,[37731],0.0,0.0
21313,[1933],0.0,0.0
16143,[15877],0.0,0.0
32943,[110244],0.0,0.0
5705,[21333],0.0,0.0
23990,[87303],0.0,0.0
5018,[22828],0.0,0.0
25734,[91765],0.0,0.0
7208,[18620],0.0,1.0
26907,[94792],0.0,0.0
7147,[32964],0.0,0.0
11037,[1987],0.0,0.0
43014,[65498],0.0,0.0
33922,[2660],0.0,0.0
11321,[48583],0.0,0.0
27431,[96229],0.0,0.0
16586,[65569],0.0,0.0
20643,[158886],0.0,0.0
19240,[73920],0.0,0.0
39057,[124594],0.0,0.0
25400,[160339],0.0,0.0
11403,[48862],0.0,0.0
500,[3001],0.0,0.0
13321,[54949],0.0,0.0
18174,[70670],0.0,0.0
45133,[24470],0.0,0.0
21159,[79484],0.0,0.0
23265,[85254],0.0,0.0
1244,[7047],0.0,0.0
34081,[3299],0.0,0.0
4787,[22112],0.0,0.0
35981,[117510],0.0,0.0
43948,[135249],0.0,0.0
11031,[80924],0.0,0.0
20153,[5894],0.0,0.0
36477,[82675],0.0,0.0
21518,[80526],0.0,0.0
649,[1480],1.0,1.0
44914,[137184],0.0,0.0
15937,[63506],0.0,0.0
39347,[15569],0.0,0.0
43412,[151920],0.0,0.0
27164,[160855],0.0,0.0
41710,[130428],0.0,0.0
23325,[85376],0.0,0.0
26749,[260],0.0,0.0
3824,[19135],0.0,0.0
29460,[51917],0.0,0.0
34383,[54742],0.0,0.0
17822,[143703],0.0,0.0
36009,[6617],0.0,0.0
10082,[44041],0.0,0.0
6708,[31065],0.0,0.0
34591,[149074],0.0,0.0
11676,[35141],0.0,0.0
3563,[15087],0.0,0.0
33477,[111558],0.0,0.0
18716,[17055],0.0,0.0
29319,[61592],0.0,0.0
13633,[56105],0.0,0.0
42243,[48238],0.0,0.0
31782,[80037],0.0,0.0
40860,[33390],0.0,0.0
34682,[53625],0.0,0.0
30185,[42757],0.0,0.0
21564,[72007],0.0,0.0
40246,[3125],0.0,0.0
11969,[2571],1.0,0.0
11756,[19257],0.0,0.0
7341,[33867],0.0,0.0
31727,[90098],0.0,0.0
3010,[15453],0.0,0.0
23628,[4701],0.0,1.0
15072,[60782],0.0,0.0
16464,[143264],0.0,0.0
42412,[131928],0.0,0.0
6666,[30913],0.0,0.0
38363,[123084],0.0,0.0
14440,[10822],0.0,0.0
2927,[15056],0.0,0.0
26478,[21867],0.0,0.0
5578,[4499],0.0,0.0
21640,[61033],0.0,0.0
31545,[63315],0.0,0.0
23104,[24760],0.0,0.0
23809,[86834],0.0,0.0
39333,[164497],0.0,0.0
38804,[41916],0.0,0.0
26607,[93939],0.0,0.0
14703,[59752],0.0,0.0
18405,[71376],0.0,0.0
43200,[133641],0.0,0.0
10939,[47220],0.0,0.0
8444,[38169],0.0,0.0
12980,[23788],0.0,0.0
39560,[37648],0.0,0.0
5022,[24317],0.0,0.0
15974,[5201],0.0,1.0
28606,[99303],0.0,0.0
7937,[36194],0.0,0.0
6787,[31380],0.0,0.0
35058,[1349],0.0,0.0
10851,[46860],0.0,0.0
34664,[17818],0.0,0.0
43962,[135273],0.0,0.0
12222,[27644],0.0,0.0
42931,[9222],0.0,0.0
14196,[58100],0.0,0.0
38657,[69400],0.0,0.0
8535,[2142],0.0,0.0
31051,[10983],0.0,0.0
30933,[105384],0.0,0.0
30341,[62738],0.0,0.0
40429,[127645],0.0,0.0
32124,[108293],0.0,0.0
10083,[20575],0.0,0.0
44634,[114950],0.0,0.0
30817,[105106],0.0,0.0
16680,[9346],0.0,0.0
7533,[3566],0.0,0.0
11073,[47639],0.0,0.0
44815,[152360],0.0,0.0
37232,[56275],0.0,0.0
27739,[17812],0.0,0.0
36238,[29406],0.0,0.0
12230,[51521],0.0,0.0
42920,[17423],0.0,0.0
1463,[8107],0.0,0.0
1153,[1907],0.0,0.0
1448,[2451],1.0,1.0
28218,[98319],0.0,0.0
38133,[150198],0.0,0.0
16150,[64235],0.0,0.0
757,[4428],0.0,0.0
36394,[47217],0.0,0.0
29730,[102183],0.0,0.0
10103,[44142],0.0,0.0
203,[1219],0.0,0.0
25371,[11162],0.0,0.0
479,[2831],0.0,0.0
36902,[119499],0.0,0.0
6173,[27668],0.0,0.0
13402,[55239],0.0,0.0
6682,[17893],0.0,0.0
24360,[5665],0.0,0.0
34336,[3451],0.0,0.0
42125,[788],0.0,0.0
11358,[24172],0.0,0.0
13797,[56698],0.0,0.0
8120,[140541],0.0,0.0
34064,[26370],0.0,0.0
22186,[82368],0.0,0.0
1945,[10341],0.0,0.0
15436,[12721],0.0,0.0
25325,[24904],0.0,0.0
7659,[22261],0.0,0.0
43004,[133213],0.0,0.0
3540,[8128],0.0,1.0
28422,[98828],0.0,0.0
16907,[10571],0.0,0.0
15871,[24347],0.0,0.0
43255,[165690],0.0,0.0
31754,[107515],0.0,0.0
34101,[162979],0.0,0.0
25995,[160511],0.0,0.0
30148,[113169],0.0,0.0
26322,[93253],0.0,0.0
40114,[127001],0.0,0.0
42763,[16079],0.0,0.0
14310,[58498],0.0,0.0
6404,[29855],0.0,0.0
19915,[75861],0.0,0.0
6488,[30281],0.0,0.0
29726,[56203],0.0,0.0
16500,[11299],0.0,0.0
18085,[6769],1.0,1.0
41193,[129273],0.0,0.0
16929,[66753],0.0,0.0
9141,[40664],0.0,0.0
4045,[2529],1.0,0.0
18559,[19051],0.0,0.0
19961,[76020],0.0,0.0
6768,[31320],0.0,0.0
39911,[126594],0.0,0.0
2112,[11195],0.0,0.0
39022,[26851],0.0,0.0
37312,[19387],0.0,0.0
12124,[37838],0.0,0.0
695,[4116],0.0,0.0
34165,[38],0.0,1.0
36282,[115356],0.0,0.0
36098,[82017],0.0,0.0
25962,[72904],0.0,0.0
22003,[10871],0.0,0.0
36969,[119763],0.0,0.0
26842,[17380],0.0,0.0
10192,[155650],0.0,0.0
42419,[81],0.0,0.0
9486,[1863],0.0,0.0
2475,[12870],0.0,0.0
34299,[23938],0.0,0.0
2836,[16916],0.0,0.0
35976,[117495],0.0,0.0
21571,[7902],0.0,0.0
1207,[2569],0.0,0.0
31191,[56313],0.0,0.0
41367,[129722],0.0,0.0
2925,[15049],0.0,0.0
25575,[91357],0.0,0.0
5544,[26373],0.0,0.0
12025,[141799],0.0,0.0
39169,[30757],0.0,0.0
21454,[43145],0.0,0.0
19417,[74361],0.0,0.0
20342,[17298],0.0,0.0
36560,[12465],0.0,0.0
29513,[101618],0.0,0.0
318,[1902],0.0,0.0
16553,[41508],0.0,0.0
7261,[140242],0.0,0.0
14990,[1192],0.0,0.0
12840,[9927],0.0,0.0
2949,[15147],0.0,0.0
2922,[138744],0.0,0.0
37974,[4436],0.0,1.0
14036,[28342],0.0,0.0
8045,[79],1.0,1.0
10772,[46574],0.0,0.0
33151,[56630],0.0,0.0
16656,[2062],0.0,0.0
43309,[133915],0.0,0.0
20995,[814],0.0,0.0
34961,[46148],0.0,0.0
20611,[77898],0.0,0.0
14348,[1686],0.0,0.0
37704,[121525],0.0,0.0
26197,[9844],0.0,0.0
34856,[114826],0.0,0.0
16170,[64304],0.0,0.0
32623,[8474],0.0,0.0
17291,[1531],0.0,0.0
14401,[58814],0.0,0.0
25089,[90132],0.0,0.0
39855,[3884],0.0,0.0
36792,[3357],0.0,0.0
7316,[3600],0.0,0.0
12835,[14237],0.0,0.0
23647,[145574],0.0,0.0
21811,[27854],0.0,1.0
3680,[18537],0.0,0.0
21824,[81395],0.0,0.0
39033,[1489],0.0,1.0
36682,[61251],0.0,0.0
9569,[42170],0.0,0.0
19187,[126422],0.0,0.0
13244,[46897],0.0,0.0
38790,[24698],0.0,0.0
42078,[131234],0.0,0.0
19234,[113424],0.0,0.0
21228,[79670],0.0,0.0
40450,[59523],0.0,0.0
44547,[6620],0.0,0.0
36951,[62788],0.0,0.0
24236,[27188],0.0,0.0
3557,[52464],0.0,0.0
11558,[48694],0.0,0.0
44236,[15467],0.0,0.0
34133,[50288],0.0,0.0
30930,[82399],0.0,0.0
2528,[13168],0.0,0.0
31575,[15210],0.0,0.0
35731,[26281],0.0,0.0
5152,[24828],0.0,0.0
31691,[107369],0.0,0.0
17839,[48849],0.0,0.0
32605,[1869],0.0,0.0
43440,[5847],0.0,0.0
45112,[5029],0.0,0.0
38253,[122773],0.0,0.0
36866,[87955],0.0,0.0
26452,[17963],0.0,0.0
14438,[1951],0.0,0.0
40510,[50408],0.0,0.0
3940,[19648],0.0,0.0
7514,[11865],0.0,0.0
43274,[165695],0.0,0.0
37086,[34095],0.0,0.0
36709,[118979],0.0,0.0
7450,[21021],0.0,0.0
37475,[14684],0.0,1.0
31766,[13668],0.0,0.0
34667,[114380],0.0,0.0
12387,[141929],0.0,0.0
37959,[54137],0.0,0.0
13337,[28564],0.0,0.0
37863,[164068],0.0,0.0
18551,[158227],0.0,0.0
8671,[140732],0.0,0.0
21966,[89049],0.0,0.0
19070,[10159],0.0,0.0
20412,[4626],0.0,0.0
36743,[119050],0.0,0.0
26830,[94602],0.0,0.0
16693,[65970],0.0,0.0
18275,[62500],0.0,0.0
15545,[62147],0.0,0.0
42738,[18983],0.0,0.0
22144,[82273],0.0,0.0
14681,[10498],0.0,0.0
20248,[32080],0.0,0.0
39395,[11468],0.0,0.0
14670,[59642],0.0,0.0
11489,[156049],0.0,0.0
14195,[58099],0.0,0.0
24943,[7026],0.0,0.0
36087,[102241],0.0,0.0
33509,[21315],0.0,0.0
29711,[34085],0.0,0.0
22999,[84452],0.0,0.0
14501,[37616],0.0,0.0
33436,[162780],0.0,0.0
2711,[14013],0.0,0.0
31445,[75831],0.0,0.0
35434,[116189],0.0,0.0
40580,[5199],0.0,0.0
19572,[74847],0.0,0.0
17853,[55331],0.0,0.0
24044,[7595],0.0,0.0
8865,[39699],0.0,0.0
17494,[68578],0.0,0.0
14909,[142761],0.0,0.0
16996,[143435],0.0,0.0
23658,[86370],0.0,0.0
17784,[69509],0.0,0.0
25370,[24556],0.0,0.0
29509,[101598],0.0,0.0
12933,[53763],0.0,0.0
26086,[146374],0.0,0.0
33091,[110618],0.0,0.0
33110,[148588],0.0,0.0
24358,[5806],0.0,0.0
8530,[7156],0.0,0.0
23549,[86056],0.0,0.0
23964,[87239],0.0,0.0
26657,[150976],0.0,0.0
31683,[107354],0.0,0.0
32507,[139242],0.0,0.0
2008,[10678],0.0,0.0
249,[14864],0.0,0.0
27458,[53301],0.0,0.0
29845,[13463],0.0,1.0
42657,[55986],0.0,0.0
30163,[103257],0.0,0.0
29077,[30452],0.0,0.0
43714,[40401],0.0,0.0
10497,[129455],0.0,0.0
7688,[32578],0.0,0.0
19123,[25220],0.0,0.0
39655,[106915],0.0,0.0
26758,[87367],0.0,0.0
22153,[82289],0.0,0.0
9220,[40897],0.0,0.0
39531,[125804],0.0,0.0
8101,[36818],0.0,0.0
42256,[131578],0.0,0.0
12975,[19929],0.0,0.0
31190,[20866],0.0,0.0
38980,[87286],0.0,0.0
1362,[7620],0.0,0.0
36998,[29657],0.0,0.0
43188,[133600],0.0,0.0
12006,[38713],0.0,0.0
5656,[11304],0.0,0.0
15931,[63473],0.0,0.0
27294,[16540],0.0,0.0
5339,[9965],0.0,0.0
31687,[107363],0.0,0.0
25166,[90311],0.0,0.0
12839,[53492],0.0,0.0
27642,[26897],0.0,0.0
30660,[66667],0.0,0.0
44889,[3563],0.0,0.0
7366,[8250],0.0,0.0
40325,[59302],0.0,0.0
11054,[47562],0.0,0.0
5065,[24508],0.0,0.0
15139,[157167],0.0,0.0
21147,[38131],0.0,0.0
9578,[42186],0.0,0.0
24640,[88949],0.0,0.0
30933,[6792],0.0,0.0
41672,[24188],0.0,0.0
15361,[25717],0.0,0.0
12764,[7678],0.0,0.0
26221,[6125],0.0,0.0
2564,[13308],0.0,0.0
2293,[91860],0.0,0.0
39278,[72904],0.0,0.0
35887,[21438],0.0,0.0
33061,[14110],0.0,0.0
5570,[26476],0.0,0.0
45097,[27355],0.0,0.0
41940,[95385],0.0,0.0
17640,[69003],0.0,0.0
19720,[75290],0.0,0.0
42097,[131275],0.0,0.0
10198,[3820],0.0,0.0
3541,[500],0.0,1.0
19010,[28411],0.0,0.0
30062,[103016],0.0,0.0
741,[4321],0.0,0.0
13126,[156543],0.0,0.0
41559,[839],1.0,1.0
21429,[48789],0.0,0.0
10347,[22279],0.0,0.0
40212,[83458],0.0,0.0
3996,[153708],0.0,0.0
13930,[142429],0.0,0.0
33479,[53515],0.0,0.0
17131,[22118],0.0,0.0
6138,[28640],0.0,0.0
23818,[2612],0.0,0.0
27661,[96875],0.0,0.0
4626,[22534],0.0,0.0
16058,[154405],0.0,0.0
39755,[7195],0.0,0.0
8041,[36562],0.0,0.0
37178,[120236],0.0,0.0
20829,[1162],0.0,0.0
31659,[105043],0.0,0.0
26350,[93340],0.0,0.0
20949,[10959],0.0,0.0
6829,[30722],0.0,0.0
38086,[122392],0.0,0.0
6722,[4935],0.0,0.0
37494,[121047],0.0,0.0
43376,[13283],0.0,0.0
35868,[117232],0.0,0.0
15742,[62942],0.0,0.0
16283,[64600],0.0,0.0
17601,[40288],0.0,0.0
22676,[10860],0.0,0.0
8364,[37773],0.0,0.0
8618,[23249],0.0,0.0
9510,[21314],0.0,0.0
36311,[15242],0.0,0.0
2881,[14826],0.0,0.0
1443,[152942],0.0,0.0
34017,[112794],0.0,0.0
1021,[445],0.0,1.0
43265,[133761],0.0,0.0
7532,[16201],0.0,0.0
13583,[29353],0.0,1.0
35775,[7707],0.0,0.0
31175,[30684],0.0,0.0
28178,[2812],0.0,0.0
29272,[101038],0.0,0.0
18152,[18851],0.0,0.0
42390,[25173],0.0,0.0
39516,[164564],0.0,0.0
979,[5666],0.0,0.0
2590,[839],1.0,1.0
13643,[25050],0.0,0.0
23289,[7344],0.0,0.0
34153,[96818],0.0,0.0
4318,[2529],1.0,0.0
10621,[46031],0.0,0.0
34581,[50874],0.0,0.0
41676,[130374],0.0,0.0
37374,[35107],0.0,0.0
19995,[4876],0.0,0.0
3452,[17486],0.0,0.0
39923,[58927],0.0,0.0
45119,[137601],0.0,0.0
29244,[83522],0.0,0.0
4282,[21079],0.0,0.0
16723,[15977],0.0,0.0
33299,[38952],0.0,0.0
21055,[79193],0.0,0.0
32935,[110229],0.0,0.0
17671,[55708],0.0,0.0
9894,[3299],0.0,0.0
32537,[12663],0.0,0.0
5215,[2346],0.0,0.0
9183,[5635],0.0,0.0
33241,[7458],0.0,0.0
20429,[77282],0.0,0.0
6005,[6782],0.0,0.0
25809,[9985],0.0,1.0
44178,[152158],0.0,0.0
26813,[160755],0.0,0.0
36299,[118226],0.0,0.0
32354,[108899],0.0,0.0
27232,[95673],0.0,0.0
15458,[142937],0.0,0.0
38790,[61272],0.0,0.0
28541,[99839],0.0,0.0
29650,[83779],0.0,0.0
40455,[164835],0.0,0.0
33827,[112345],0.0,0.0
13012,[1919],1.0,1.0
11793,[50061],0.0,0.0
26041,[92554],0.0,0.0
45044,[152441],0.0,0.0
42030,[106914],0.0,0.0
11526,[156060],0.0,0.0
23740,[135623],0.0,0.0
1446,[138232],0.0,0.0
38693,[123763],0.0,0.0
224,[1372],0.0,0.0
4976,[24118],0.0,0.0
20177,[76612],0.0,0.0
16828,[157710],0.0,0.0
1548,[8183],0.0,0.0
5748,[27071],0.0,0.0
18330,[73000],0.0,0.0
27711,[161041],0.0,0.0
17777,[69491],0.0,0.0
17150,[67462],0.0,0.0
28109,[76677],0.0,0.0
4574,[22308],0.0,0.0
37866,[121911],0.0,0.0
25722,[91746],0.0,0.0
13688,[65805],0.0,0.0
32492,[109220],0.0,0.0
35001,[115193],0.0,0.0
30659,[104628],0.0,0.0
40166,[503],0.0,1.0
31498,[162167],0.0,0.0
26868,[13807],0.0,0.0
42719,[132580],0.0,0.0
38991,[124463],0.0,0.0
6917,[25550],0.0,0.0
3133,[15980],0.0,0.0
42673,[9407],0.0,0.0
22142,[16977],0.0,0.0
24029,[87385],0.0,0.0
20224,[68225],0.0,0.0
25644,[28537],0.0,0.0
1570,[8580],0.0,0.0
11516,[49221],0.0,0.0
3447,[17466],0.0,0.0
25684,[160429],0.0,0.0
37843,[79379],0.0,0.0
28021,[8041],0.0,0.0
42650,[24224],0.0,0.0
20798,[78437],0.0,0.0
6676,[30943],0.0,0.0
24033,[87396],0.0,0.0
44731,[136755],0.0,0.0
34542,[114040],0.0,0.0
44758,[50824],0.0,0.0
1960,[10424],0.0,0.0
30658,[4556],0.0,1.0
33984,[3434],0.0,0.0
21322,[79963],0.0,0.0
37442,[52910],0.0,0.0
26944,[78020],0.0,0.0
16523,[65345],0.0,0.0
5057,[11761],0.0,0.0
3422,[17309],0.0,0.0
4361,[21422],0.0,0.0
42613,[19967],0.0,0.0
27763,[1803],0.0,0.0
29002,[100362],0.0,0.0
42924,[165594],0.0,0.0
42012,[23938],0.0,0.0
44337,[135992],0.0,0.0
33692,[14884],0.0,0.0
44991,[25850],0.0,0.0
30258,[83148],0.0,0.0
37727,[121565],0.0,0.0
39991,[50800],0.0,0.0
1556,[8537],0.0,0.0
41614,[2904],0.0,1.0
37102,[112543],0.0,0.0
24780,[34196],0.0,0.0
26011,[92461],0.0,0.0
9562,[42145],0.0,0.0
3815,[19046],0.0,0.0
13967,[57354],0.0,0.0
30968,[105472],0.0,0.0
35516,[163377],0.0,0.0
41279,[129530],0.0,0.0
9227,[8546],0.0,0.0
37988,[11161],0.0,0.0
44745,[136778],0.0,0.0
19489,[28187],0.0,0.0
26935,[4426],0.0,0.0
33705,[17088],0.0,0.0
3020,[153413],0.0,0.0
19125,[45884],0.0,0.0
10813,[34207],0.0,0.0
34605,[114169],0.0,0.0
39710,[1987],0.0,0.0
7475,[23633],0.0,0.0
7356,[4619],0.0,1.0
38266,[5628],0.0,0.0
27890,[88867],0.0,0.0
39672,[126092],0.0,0.0
18685,[72214],0.0,0.0
30406,[103908],0.0,0.0
24007,[87333],0.0,0.0
21798,[81317],0.0,0.0
17834,[13996],0.0,0.0
15181,[21784],0.0,0.0
18300,[30131],0.0,0.0
25976,[14724],0.0,0.0
28471,[86081],0.0,0.0
43446,[134235],0.0,0.0
43930,[39459],0.0,0.0
13825,[56877],0.0,0.0
32862,[110092],0.0,0.0
20495,[77563],0.0,0.0
33019,[106915],0.0,0.0
20979,[159000],0.0,0.0
10804,[46707],0.0,0.0
5678,[26843],0.0,0.0
32718,[8807],0.0,0.0
19474,[74546],0.0,0.0
39867,[126499],0.0,0.0
13963,[133398],0.0,0.0
8879,[11652],0.0,0.0
40892,[13205],0.0,0.0
30775,[75544],0.0,0.0
27588,[96678],0.0,0.0
3211,[16301],0.0,0.0
17794,[33851],0.0,0.0
34136,[119017],0.0,0.0
18172,[6788],1.0,0.0
12650,[52980],0.0,0.0
11497,[218],0.0,0.0
41329,[21346],0.0,0.0
40391,[127587],0.0,0.0
39622,[16351],0.0,0.0
32314,[82670],0.0,0.0
22076,[55595],0.0,0.0
10081,[20811],0.0,0.0
8692,[39149],0.0,0.0
32724,[148471],0.0,0.0
12661,[15468],0.0,0.0
33397,[29576],0.0,0.0
32803,[109959],0.0,0.0
41848,[130697],0.0,0.0
7706,[14423],0.0,0.0
22962,[31621],0.0,0.0
23161,[86386],0.0,0.0
8760,[155213],0.0,0.0
18613,[19255],0.0,0.0
6109,[28512],0.0,0.0
37724,[121562],0.0,0.0
25336,[90750],0.0,0.0
40807,[128469],0.0,0.0
37492,[58776],0.0,0.0
37020,[119862],0.0,0.0
30991,[17959],0.0,0.0
30247,[103497],0.0,0.0
2956,[148427],0.0,0.0
18025,[143766],0.0,0.0
34714,[52144],0.0,0.0
25759,[21621],0.0,1.0
16618,[57128],0.0,0.0
29459,[101491],0.0,0.0
28169,[757],0.0,0.0
36653,[58135],0.0,0.0
3917,[19524],0.0,0.0
32778,[109893],0.0,0.0
26665,[146555],0.0,0.0
36475,[3107],0.0,0.0
7150,[32983],0.0,0.0
40258,[68918],0.0,0.0
37280,[11021],0.0,0.0
22410,[98338],0.0,0.0
15247,[30262],0.0,0.0
13950,[57296],0.0,0.0
2203,[1804],0.0,0.0
11900,[10701],0.0,0.0
5344,[7394],0.0,0.0
7558,[2923],0.0,0.0
26098,[922],1.0,1.0
37644,[121424],0.0,0.0
29448,[8238],0.0,0.0
25692,[160432],0.0,0.0
7373,[91],0.0,1.0
15662,[42361],0.0,0.0
20900,[23884],0.0,0.0
10112,[1389],0.0,0.0
16613,[116095],0.0,0.0
24961,[89794],0.0,0.0
15701,[48832],0.0,0.0
8474,[15212],0.0,1.0
32718,[1994],0.0,0.0
29837,[69677],0.0,0.0
33002,[68481],0.0,0.0
11853,[30454],0.0,0.0
8512,[38409],0.0,0.0
5906,[6358],0.0,0.0
30175,[11939],0.0,0.0
41690,[130399],0.0,0.0
2167,[11402],0.0,0.0
38545,[60852],0.0,0.0
12815,[142061],0.0,0.0
14182,[16579],0.0,0.0
5151,[24822],0.0,0.0
13589,[16052],0.0,0.0
24108,[87570],0.0,0.0
27669,[727],0.0,1.0
628,[73410],0.0,0.0
12224,[51499],0.0,0.0
10218,[44534],0.0,0.0
9672,[42563],0.0,0.0
9660,[8826],0.0,0.0
6819,[11012],0.0,0.0
34203,[20128],0.0,0.0
28003,[8510],0.0,0.0
32972,[1928],1.0,0.0
35839,[117156],0.0,0.0
45138,[4660],0.0,0.0
20994,[9928],0.0,0.0
13512,[10655],0.0,0.0
20654,[78040],0.0,0.0
10564,[45806],0.0,0.0
39158,[124825],0.0,0.0
45076,[137521],0.0,0.0
6456,[24630],0.0,0.0
31529,[17282],0.0,0.0
42202,[131454],0.0,0.0
42077,[14587],0.0,0.0
39313,[125277],0.0,0.0
26294,[160592],0.0,0.0
41356,[42543],0.0,0.0
31217,[106098],0.0,0.0
36541,[118647],0.0,0.0
3101,[15855],0.0,0.0
12791,[53358],0.0,0.0
31307,[10651],0.0,0.0
39295,[18496],0.0,0.0
9037,[40313],0.0,0.0
33046,[110469],0.0,0.0
42721,[66572],0.0,0.0
14108,[57797],0.0,0.0
38805,[33779],0.0,0.0
38336,[2382],0.0,0.0
10088,[11727],0.0,1.0
3616,[18265],0.0,0.0
24230,[1120],1.0,0.0
33063,[110514],0.0,0.0
27025,[102438],0.0,0.0
43374,[23835],0.0,0.0
35712,[79],1.0,0.0
6893,[52343],0.0,0.0
34428,[113746],0.0,0.0
44226,[98],0.0,1.0
25186,[60843],0.0,0.0
35803,[28114],0.0,0.0
2014,[10751],0.0,0.0
11820,[50179],0.0,0.0
7377,[14439],0.0,0.0
35013,[29767],0.0,0.0
17224,[7154],0.0,0.0
18143,[11676],0.0,0.0
27634,[55823],0.0,0.0
7345,[33956],0.0,0.0
43086,[30527],0.0,0.0
38420,[2881],0.0,0.0
30913,[8332],0.0,0.0
13108,[54337],0.0,0.0
26781,[601],1.0,0.0
40262,[100727],0.0,0.0
27432,[96264],0.0,0.0
31099,[162036],0.0,0.0
42701,[197],0.0,0.0
43548,[134418],0.0,0.0
38040,[12417],0.0,0.0
27128,[146705],0.0,0.0
14258,[142546],0.0,0.0
782,[71685],0.0,0.0
37375,[149978],0.0,0.0
21808,[500],0.0,1.0
9567,[42159],0.0,0.0
42457,[40304],0.0,0.0
15405,[2877],0.0,0.0
43988,[165931],0.0,0.0
23796,[86784],0.0,0.0
10838,[21035],0.0,0.0
5733,[27029],0.0,0.0
33876,[112455],0.0,0.0
26639,[15125],0.0,0.0
31104,[105795],0.0,0.0
27663,[18979],0.0,1.0
10227,[68255],0.0,0.0
32170,[107788],0.0,0.0
23045,[3430],0.0,0.0
7655,[154851],0.0,0.0
30725,[79109],0.0,0.0
7062,[32561],0.0,0.0
27556,[216],0.0,1.0
19201,[73814],0.0,0.0
8226,[37288],0.0,0.0
19415,[12069],0.0,0.0
15612,[157327],0.0,0.0
37209,[19955],0.0,0.0
30234,[9814],0.0,0.0
41865,[165267],0.0,0.0
19288,[74037],0.0,0.0
33434,[68236],0.0,0.0
35670,[72705],0.0,0.0
36429,[118459],0.0,0.0
25974,[92374],0.0,0.0
17597,[121229],0.0,0.0
27777,[92585],0.0,0.0
40810,[2079],0.0,0.0
20109,[76424],0.0,0.0
17333,[4293],0.0,0.0
23391,[159741],0.0,0.0
34236,[39120],0.0,0.0
37614,[121349],0.0,0.0
26810,[5381],0.0,0.0
1194,[6753],0.0,0.0
7911,[109397],0.0,0.0
23830,[86883],0.0,0.0
44994,[10466],0.0,0.0
21261,[26979],0.0,0.0
18270,[7072],0.0,1.0
35410,[149355],0.0,0.0
2051,[10898],0.0,0.0
44979,[80924],0.0,0.0
11348,[48677],0.0,0.0
23454,[50739],0.0,0.0
43141,[133505],0.0,0.0
33586,[37],0.0,0.0
2073,[11002],0.0,0.0
7360,[34019],0.0,0.0
13122,[142163],0.0,0.0
41626,[28454],0.0,0.0
18022,[102809],0.0,0.0
42615,[130463],0.0,0.0
6986,[32270],0.0,0.0
27531,[96547],0.0,0.0
2719,[14044],0.0,0.0
35095,[7154],0.0,0.0
22826,[28560],0.0,0.0
41610,[67964],0.0,0.0
22776,[83900],0.0,0.0
212,[1277],0.0,0.0
3852,[12065],0.0,0.0
9409,[228],0.0,0.0
27378,[1303],0.0,0.0
4313,[227],0.0,1.0
11540,[11888],0.0,0.0
42760,[14423],0.0,0.0
43737,[38980],0.0,0.0
13619,[56019],0.0,0.0
8291,[155046],0.0,0.0
4821,[23469],0.0,0.0
26130,[54924],0.0,0.0
8772,[140767],0.0,0.0
22158,[82309],0.0,0.0
38407,[164233],0.0,0.0
15194,[61124],0.0,0.0
28609,[147174],0.0,0.0
9790,[42994],0.0,0.0
45098,[6792],0.0,0.0
38247,[91283],0.0,0.0
30109,[41719],0.0,0.0
32346,[41232],0.0,0.0
38331,[1647],0.0,0.0
25983,[19177],0.0,0.0
24239,[77627],0.0,0.0
43211,[9869],0.0,0.0
3609,[18214],0.0,0.0
5320,[19824],0.0,0.0
5323,[25480],0.0,0.0
25206,[75315],0.0,0.0
41970,[49666],0.0,0.0
13635,[56116],0.0,0.0
35896,[117355],0.0,0.0
43093,[133400],0.0,0.0
16344,[34759],0.0,0.0
39224,[49387],0.0,0.0
34082,[39739],0.0,0.0
29440,[101451],0.0,0.0
20585,[32309],0.0,0.0
16115,[2526],0.0,1.0
7389,[8689],0.0,0.0
7175,[2654],0.0,0.0
35594,[116531],0.0,0.0
9899,[141116],0.0,0.0
29153,[100754],0.0,0.0
35694,[33459],0.0,0.0
732,[4261],0.0,0.0
29306,[8615],0.0,0.0
4728,[23117],0.0,0.0
5560,[56820],0.0,0.0
35805,[50214],0.0,0.0
6323,[6859],0.0,0.0
18809,[30738],0.0,0.0
4583,[22355],0.0,0.0
20130,[158714],0.0,0.0
18373,[75304],0.0,0.0
9836,[37869],0.0,0.0
12013,[67252],0.0,0.0
40205,[127182],0.0,0.0
7116,[5273],0.0,0.0
13740,[8463],0.0,0.0
6385,[29744],0.0,1.0
34736,[32246],0.0,0.0
39029,[150485],0.0,0.0
39310,[9076],0.0,0.0
29059,[100516],0.0,0.0
38332,[5416],0.0,0.0
29749,[1902],0.0,0.0
21263,[159094],0.0,0.0
31439,[80273],0.0,0.0
15567,[2909],0.0,0.0
9840,[43158],0.0,0.0
18042,[126613],0.0,0.0
27641,[33526],0.0,0.0
13371,[55116],0.0,0.0
21726,[81156],0.0,0.0
29553,[18731],0.0,0.0
14259,[13313],0.0,0.0
2112,[8009],0.0,0.0
19153,[18841],0.0,0.0
680,[152698],0.0,0.0
762,[4484],0.0,0.0
16017,[143114],0.0,0.0
18347,[71179],0.0,0.0
37456,[9314],0.0,0.0
1659,[9062],0.0,0.0
45146,[34826],0.0,0.0
36272,[89783],0.0,0.0
23708,[86525],0.0,0.0
29250,[1480],1.0,1.0
27681,[146897],0.0,0.0
3812,[4713],0.0,1.0
15043,[60710],0.0,0.0
21690,[159214],0.0,0.0
25483,[146182],0.0,0.0
11165,[47929],0.0,0.0
20221,[25150],0.0,0.0
12977,[2830],0.0,0.0
6081,[105012],0.0,0.0
20157,[41137],0.0,0.0
33476,[111557],0.0,0.0
33987,[112734],0.0,0.0
8547,[18822],0.0,0.0
42620,[132383],0.0,0.0
33600,[108335],0.0,0.0
2954,[15179],0.0,0.0
26073,[10095],0.0,0.0
41282,[20337],0.0,0.0
40854,[65155],0.0,0.0
40239,[146547],0.0,0.0
5668,[26821],0.0,0.0
2494,[13027],0.0,0.0
50,[279],0.0,0.0
20515,[77638],0.0,0.0
9697,[42636],0.0,0.0
31573,[107003],0.0,0.0
17927,[56294],0.0,0.0
32852,[110060],0.0,0.0
15684,[39336],0.0,0.0
40999,[128887],0.0,0.0
29533,[76103],0.0,0.0
38014,[563],0.0,0.0
42906,[122177],0.0,0.0
37979,[122166],0.0,0.0
14855,[20076],0.0,0.0
332,[1958],0.0,0.0
35953,[117450],0.0,0.0
36701,[118971],0.0,0.0
3397,[17163],0.0,0.0
32033,[108082],0.0,0.0
4463,[139281],0.0,0.0
41249,[45042],0.0,0.0
28586,[85256],0.0,0.0
41218,[129323],0.0,0.0
30502,[104181],0.0,0.0
33916,[6353],0.0,0.0
32180,[77783],0.0,0.0
13798,[56769],0.0,0.0
1081,[6157],0.0,0.0
18539,[21868],0.0,0.0
39658,[164612],0.0,0.0
28498,[19191],0.0,0.0
30959,[5496],0.0,0.0
29605,[101877],0.0,0.0
17623,[157956],0.0,0.0
38581,[8077],0.0,1.0
3312,[16782],0.0,0.0
3739,[3365],1.0,0.0
18477,[70856],0.0,0.0
34966,[5932],0.0,0.0
39441,[17672],0.0,0.0
17292,[67959],0.0,0.0
20913,[29659],0.0,0.0
18739,[72383],0.0,0.0
14508,[12751],0.0,1.0
11295,[48521],0.0,0.0
27376,[40505],0.0,0.0
14830,[60143],0.0,0.0
7895,[34847],0.0,0.0
17740,[137390],0.0,0.0
1301,[3460],0.0,1.0
19491,[74598],0.0,0.0
30522,[161868],0.0,0.0
20713,[78211],0.0,0.0
30322,[93171],0.0,0.0
5030,[24352],0.0,0.0
28832,[700],1.0,0.0
20291,[76977],0.0,0.0
35941,[9089],0.0,1.0
17518,[18349],0.0,0.0
26049,[92585],0.0,0.0
17745,[157989],0.0,0.0
16659,[23298],0.0,0.0
36282,[118179],0.0,0.0
31419,[32546],0.0,0.0
16898,[48822],0.0,0.0
40237,[34970],0.0,0.0
19515,[158532],0.0,0.0
11856,[37478],0.0,0.0
8252,[37376],0.0,0.0
41925,[135171],0.0,0.0
27463,[96357],0.0,0.0
16737,[66098],0.0,0.0
18013,[7582],0.0,0.0
22704,[83703],0.0,0.0
38111,[29265],0.0,0.0
25098,[5487],0.0,0.0
15658,[62659],0.0,0.0
13754,[8804],0.0,0.0
37439,[120890],0.0,0.0
6738,[150226],0.0,0.0
35702,[116745],0.0,0.0
5711,[26961],0.0,0.0
32528,[16977],0.0,0.0
8489,[6466],0.0,0.0
22731,[1974],0.0,0.0
29870,[161691],0.0,0.0
14520,[12949],0.0,0.0
13201,[11454],0.0,0.0
11715,[136526],0.0,0.0
9733,[3619],0.0,0.0
9084,[140866],0.0,0.0
32142,[96557],0.0,0.0
32104,[21945],0.0,0.0
28571,[71504],0.0,0.0
34447,[21611],0.0,0.0
21305,[29002],0.0,0.0
42193,[51266],0.0,0.0
2995,[15355],0.0,0.0
4707,[22970],0.0,0.0
4902,[23795],0.0,0.0
37246,[29305],0.0,0.0
12637,[52930],0.0,0.0
42527,[132151],0.0,0.0
35528,[8559],0.0,0.0
44637,[12421],0.0,0.0
1526,[8396],0.0,0.0
34334,[113530],0.0,0.0
44834,[24193],0.0,0.0
7220,[33355],0.0,0.0
35304,[115907],0.0,0.0
38277,[19799],0.0,0.0
29758,[11601],0.0,1.0
35831,[124416],0.0,0.0
39897,[75745],0.0,0.0
24405,[88350],0.0,0.0
5399,[25827],0.0,0.0
22828,[14767],0.0,0.0
30746,[104877],0.0,0.0
33465,[50343],0.0,0.0
712,[4182],0.0,0.0
9659,[42508],0.0,0.0
5263,[965],0.0,0.0
12108,[141828],0.0,0.0
18582,[71878],0.0,0.0
9494,[41932],0.0,0.0
18398,[11737],1.0,1.0
27917,[63766],0.0,0.0
10753,[46503],0.0,0.0
6880,[31194],0.0,0.0
39894,[20136],0.0,1.0
34106,[42153],0.0,0.0
9145,[40676],0.0,0.0
31627,[610],0.0,0.0
1950,[10372],0.0,0.0
30025,[7034],0.0,0.0
20924,[65918],0.0,0.0
41849,[130708],0.0,0.0
21918,[81720],0.0,0.0
36270,[118156],0.0,0.0
17391,[68268],0.0,0.0
30825,[13049],0.0,0.0
25300,[76131],0.0,0.0
40743,[151035],0.0,0.0
35813,[56166],0.0,0.0
31801,[11200],0.0,1.0
9711,[42687],0.0,0.0
34479,[85164],0.0,0.0
12478,[10197],0.0,0.0
23195,[85079],0.0,0.0
12597,[4741],0.0,0.0
34177,[3040],0.0,1.0
40952,[128817],0.0,0.0
1959,[10420],0.0,0.0
41555,[130135],0.0,0.0
43461,[134268],0.0,0.0
17481,[1120],1.0,0.0
8353,[7515],0.0,0.0
389,[41343],0.0,0.0
39133,[20404],0.0,0.0
18690,[143638],0.0,0.0
35408,[50212],0.0,0.0
4422,[21664],0.0,0.0
15285,[22968],0.0,0.0
23281,[7074],0.0,0.0
17557,[3455],0.0,0.0
35917,[10755],0.0,0.0
33316,[54690],0.0,0.0
851,[4934],0.0,0.0
1414,[27308],0.0,0.0
39026,[38278],0.0,0.0
11817,[50174],0.0,0.0
40905,[151084],0.0,0.0
42280,[165383],0.0,0.0
34547,[4040],0.0,0.0
31635,[130272],0.0,0.0
9220,[27378],0.0,0.0
6964,[32195],0.0,0.0
28733,[161343],0.0,0.0
2411,[77811],0.0,0.0
42381,[24465],0.0,0.0
30790,[104990],0.0,0.0
25352,[90792],0.0,0.0
22179,[82353],0.0,0.0
15051,[60732],0.0,0.0
22995,[75327],0.0,0.0
22131,[26787],0.0,0.0
44129,[135536],0.0,0.0
25446,[4711],0.0,1.0
767,[152731],0.0,0.0
30146,[103232],0.0,0.0
4313,[21240],0.0,0.0
8932,[1719],0.0,1.0
42016,[131068],0.0,0.0
1281,[7229],0.0,0.0
43548,[38016],0.0,0.0
25541,[14900],0.0,0.0
30608,[75147],0.0,0.0
44696,[71424],0.0,0.0
22487,[34054],0.0,0.0
33601,[111813],0.0,0.0
43456,[134260],0.0,0.0
31517,[10651],0.0,0.0
14974,[4901],0.0,0.0
10470,[45405],0.0,0.0
8132,[11737],1.0,1.0
19449,[74462],0.0,0.0
34114,[113057],0.0,0.0
18908,[72905],0.0,0.0
36534,[21826],0.0,0.0
26805,[761],1.0,0.0
13997,[57454],0.0,0.0
28416,[98797],0.0,0.0
43325,[8826],0.0,0.0
32253,[79564],0.0,0.0
1675,[9115],0.0,0.0
37105,[12397],0.0,0.0
26289,[146434],0.0,0.0
15504,[46864],0.0,0.0
19034,[113518],0.0,0.0
3791,[3541],0.0,0.0
26649,[146549],0.0,0.0
37897,[86210],0.0,0.0
2759,[13438],0.0,0.0
37665,[13919],0.0,0.0
3148,[16061],0.0,0.0
4707,[22989],0.0,0.0
25181,[49400],0.0,0.0
28717,[16620],0.0,0.0
40003,[9014],0.0,0.0
32814,[109992],0.0,0.0
21256,[53792],0.0,0.0
3054,[15629],0.0,0.0
30702,[5018],0.0,0.0
27076,[31332],0.0,0.0
30785,[30539],0.0,0.0
11378,[48784],0.0,0.0
15610,[4713],0.0,0.0
3090,[15788],0.0,0.0
31247,[106178],0.0,0.0
34308,[113486],0.0,0.0
40706,[13383],0.0,0.0
40279,[16179],0.0,0.0
35295,[64171],0.0,0.0
44400,[134906],0.0,0.0
6294,[29268],0.0,0.0
3392,[8934],0.0,0.0
42206,[131459],0.0,0.0
40443,[127683],0.0,0.0
40830,[3297],0.0,0.0
42876,[31278],0.0,0.0
32425,[8646],0.0,0.0
34871,[26883],0.0,0.0
44949,[10608],0.0,0.0
39987,[24719],0.0,0.0
31648,[10927],0.0,1.0
35840,[91],0.0,0.0
37572,[121248],0.0,0.0
9281,[63286],0.0,0.0
40408,[127614],0.0,0.0
12799,[53374],0.0,0.0
23259,[21521],0.0,0.0
24328,[160024],0.0,0.0
30186,[52123],0.0,0.0
15164,[3780],0.0,0.0
25342,[51288],0.0,0.0
18355,[53593],0.0,0.0
16969,[157755],0.0,0.0
14129,[57856],0.0,0.0
16270,[64568],0.0,0.0
23654,[1540],0.0,0.0
33012,[7067],0.0,0.0
44961,[152411],0.0,0.0
27417,[160948],0.0,0.0
42595,[16446],0.0,0.0
43062,[41899],0.0,0.0
702,[4140],0.0,0.0
5380,[25722],0.0,0.0
4152,[20556],0.0,0.0
6516,[30379],0.0,0.0
25869,[14433],0.0,0.0
5493,[22872],0.0,0.0
19284,[19442],0.0,1.0
34747,[54288],0.0,0.0
37910,[86874],0.0,0.0
17645,[157962],0.0,0.0
8237,[37321],0.0,0.0
4625,[22524],0.0,0.0
444,[35618],0.0,0.0
27929,[39124],0.0,0.0
16814,[66321],0.0,0.0
35092,[3190],0.0,0.0
18689,[67511],0.0,0.0
14882,[157091],0.0,0.0
25281,[20678],0.0,1.0
22285,[82589],0.0,0.0
9804,[43046],0.0,0.0
39589,[85820],0.0,0.0
31457,[363],1.0,1.0
43996,[8525],0.0,0.0
9957,[2252],0.0,0.0
38972,[29393],0.0,0.0
40612,[60866],0.0,0.0
18611,[5299],0.0,0.0
33220,[162713],0.0,0.0
31319,[45654],0.0,0.0
29308,[33025],0.0,1.0
18473,[71543],0.0,0.0
41923,[165282],0.0,0.0
15712,[62827],0.0,0.0
15170,[42205],0.0,0.0
33438,[12630],0.0,0.0
38803,[124049],0.0,0.0
34922,[11670],0.0,0.0
41969,[130953],0.0,0.0
25599,[91458],0.0,0.0
3247,[4474],0.0,0.0
27172,[67280],0.0,0.0
1584,[8647],0.0,0.0
6825,[31549],0.0,0.0
20254,[58737],0.0,0.0
43807,[134954],0.0,0.0
39237,[20136],0.0,1.0
27701,[28460],0.0,0.0
39146,[11174],0.0,1.0
30319,[2267],0.0,0.0
20589,[77837],0.0,0.0
35552,[94089],0.0,0.0
35361,[116037],0.0,0.0
11335,[62193],0.0,0.0
27936,[111273],0.0,0.0
6280,[29213],0.0,0.0
37551,[51708],0.0,0.0
45135,[17805],0.0,0.0
4420,[7986],0.0,0.0
20595,[158871],0.0,0.0
3166,[16136],0.0,0.0
22006,[116508],0.0,0.0
2606,[1081],0.0,0.0
40728,[49946],0.0,0.0
43493,[45453],0.0,0.0
8724,[18121],0.0,1.0
18408,[124362],0.0,0.0
17807,[69564],0.0,0.0
39188,[124942],0.0,0.0
9604,[17937],0.0,0.0
15467,[157284],0.0,0.0
36630,[15575],0.0,0.0
42214,[131485],0.0,0.0
16706,[53140],0.0,0.0
40119,[127011],0.0,0.0
19661,[73860],0.0,0.0
10893,[47038],0.0,0.0
17242,[23194],0.0,0.0
38269,[122809],0.0,0.0
13608,[147],0.0,0.0
35274,[15424],0.0,0.0
32165,[6716],0.0,0.0
29436,[3198],0.0,0.0
33185,[110820],0.0,0.0
27233,[8490],0.0,1.0
25585,[71076],0.0,0.0
25742,[146267],0.0,0.0
736,[4298],0.0,0.0
11639,[25890],0.0,0.0
8008,[34085],0.0,0.0
14343,[58619],0.0,0.0
31160,[105939],0.0,0.0
7128,[32883],0.0,0.0
21451,[1588],0.0,0.0
22467,[83066],0.0,0.0
41821,[20850],0.0,0.0
33908,[148852],0.0,0.0
13249,[25678],0.0,0.0
5016,[24282],0.0,0.0
38944,[92150],0.0,0.0
36296,[118217],0.0,0.0
7289,[33655],0.0,0.0
5056,[24484],0.0,0.0
22646,[4609],1.0,1.0
42038,[165312],0.0,0.0
4530,[153859],0.0,0.0
28661,[125187],0.0,0.0
10491,[6467],0.0,0.0
21472,[39717],0.0,0.0
22897,[4556],0.0,1.0
11028,[47507],0.0,0.0
20122,[16425],0.0,0.0
20110,[76432],0.0,0.0
5776,[27216],0.0,0.0
42333,[20590],0.0,0.0
21302,[42296],0.0,0.0
39016,[124527],0.0,0.0
119,[722],0.0,0.0
29129,[100683],0.0,0.0
35256,[115805],0.0,0.0
7724,[35410],0.0,0.0
8915,[615],0.0,0.0
34905,[114919],0.0,0.0
6711,[31077],0.0,0.0
5328,[55057],0.0,0.0
14445,[58974],0.0,0.0
4355,[21400],0.0,0.0
8928,[39915],0.0,0.0
9670,[42556],0.0,0.0
33196,[110852],0.0,0.0
12447,[52301],0.0,0.0
22694,[131817],0.0,0.0
43590,[2599],0.0,0.0
32052,[93026],0.0,0.0
37484,[109],0.0,0.0
30665,[60730],0.0,0.0
28310,[42412],0.0,0.0
7534,[34694],0.0,0.0
48,[137765],0.0,0.0
24827,[81660],0.0,0.0
11138,[24569],0.0,0.0
34452,[113829],0.0,0.0
16571,[65500],0.0,0.0
10572,[24686],0.0,0.0
265,[1610],0.0,0.0
12216,[141873],0.0,0.0
13180,[39088],0.0,0.0
28757,[11209],0.0,0.0
25063,[692],0.0,0.0
23890,[14237],0.0,0.0
20001,[76142],0.0,0.0
38175,[60787],0.0,0.0
31596,[15933],0.0,0.0
33065,[71964],0.0,0.0
2543,[54271],0.0,0.0
13327,[54960],0.0,0.0
7265,[33581],0.0,0.0
7198,[132388],0.0,0.0
35970,[68623],0.0,0.0
15644,[62577],0.0,0.0
9438,[33993],0.0,0.0
7253,[20137],0.0,0.0
5959,[27942],0.0,0.0
37594,[121305],0.0,0.0
25271,[9103],0.0,0.0
45106,[28213],0.0,0.0
37209,[21185],0.0,0.0
1631,[138292],0.0,0.0
15826,[63148],0.0,0.0
41427,[129867],0.0,0.0
35426,[116173],0.0,0.0
38280,[122858],0.0,0.0
15523,[62071],0.0,0.0
34449,[79335],0.0,0.0
8722,[155200],0.0,0.0
12637,[87899],0.0,0.0
34865,[149161],0.0,0.0
39676,[41124],0.0,0.0
1148,[3996],0.0,0.0
13744,[56499],0.0,0.0
40668,[128180],0.0,0.0
35603,[116568],0.0,0.0
23568,[86106],0.0,0.0
36854,[149820],0.0,0.0
8451,[38193],0.0,0.0
13895,[57159],0.0,0.0
33848,[33551],0.0,0.0
8984,[13288],0.0,0.0
18825,[72691],0.0,0.0
19065,[73367],0.0,0.0
42317,[8910],0.0,0.0
29346,[13423],0.0,0.0
39670,[126082],0.0,0.0
35827,[117144],0.0,0.0
17883,[69796],0.0,0.0
22619,[83482],0.0,0.0
30875,[46254],0.0,0.0
40081,[126930],0.0,0.0
6132,[139816],0.0,0.0
19949,[75987],0.0,0.0
45089,[152453],0.0,0.0
28842,[29616],0.0,0.0
30009,[28234],0.0,0.0
14826,[60132],0.0,0.0
34477,[13237],0.0,0.0
24406,[1432],0.0,0.0
6093,[1713],0.0,0.0
44391,[91032],0.0,0.0
17028,[171],0.0,1.0
3427,[138926],0.0,0.0
5380,[5201],0.0,0.0
45091,[137084],0.0,0.0
18916,[72935],0.0,0.0
38684,[123748],0.0,0.0
30784,[10696],0.0,0.0
32105,[6743],0.0,0.0
192,[1153],0.0,0.0
25247,[90568],0.0,0.0
7539,[34709],0.0,0.0
12511,[52482],0.0,0.0
40366,[29127],0.0,0.0
7999,[36415],0.0,0.0
28240,[20076],0.0,1.0
398,[2394],0.0,0.0
17764,[18121],0.0,0.0
12026,[5326],1.0,1.0
23434,[159753],0.0,0.0
8446,[140652],0.0,0.0
25805,[2804],0.0,0.0
18657,[61509],0.0,0.0
26634,[160694],0.0,0.0
20366,[21705],0.0,0.0
14292,[4672],0.0,0.0
15798,[22611],0.0,0.0
10319,[6203],0.0,0.0
3261,[7036],0.0,0.0
7642,[18904],0.0,0.0
40891,[40495],0.0,0.0
7583,[34856],0.0,0.0
21698,[27847],0.0,0.0
22540,[83262],0.0,0.0
44176,[20265],0.0,0.0
27466,[96373],0.0,0.0
28071,[24650],0.0,0.0
11814,[50152],0.0,0.0
19120,[158415],0.0,0.0
44105,[135500],0.0,0.0
41969,[130960],0.0,0.0
29334,[79958],0.0,0.0
22480,[8427],0.0,0.0
15607,[157325],0.0,0.0
18917,[19598],0.0,0.0
27114,[19427],0.0,0.0
1850,[1970],0.0,0.0
9584,[3008],0.0,0.0
43677,[645],0.0,0.0
26182,[9658],0.0,1.0
7622,[34985],0.0,0.0
30513,[52735],0.0,0.0
9832,[5894],0.0,0.0
44449,[7034],0.0,1.0
2124,[11243],0.0,0.0
30255,[51836],0.0,0.0
5171,[11222],0.0,0.0
25714,[91736],0.0,0.0
689,[4073],0.0,0.0
16319,[64727],0.0,0.0
15601,[62378],0.0,0.0
34574,[114102],0.0,0.0
7119,[32859],0.0,0.0
5469,[101089],0.0,0.0
14422,[18570],0.0,0.0
27855,[97387],0.0,0.0
12122,[63779],0.0,0.0
26179,[36416],0.0,0.0
16970,[27696],0.0,0.0
10122,[35200],0.0,0.0
37026,[19249],0.0,0.0
26075,[92641],0.0,0.0
24055,[87449],0.0,0.0
23664,[42956],0.0,0.0
29260,[161510],0.0,0.0
457,[1848],0.0,0.0
44817,[59013],0.0,0.0
32129,[162357],0.0,0.0
29938,[69935],0.0,0.0
11347,[48662],0.0,0.0
22779,[1908],0.0,0.0
19992,[76113],0.0,0.0
40267,[127320],0.0,0.0
24143,[1864],0.0,1.0
500,[2937],0.0,0.0
29373,[13550],0.0,0.0
28954,[100238],0.0,0.0
12483,[52392],0.0,0.0
24735,[85016],0.0,0.0
17715,[812],0.0,0.0
24412,[57841],0.0,0.0
21349,[144858],0.0,0.0
28693,[90426],0.0,0.0
37486,[11162],0.0,0.0
39151,[53832],0.0,0.0
24728,[72201],0.0,0.0
44040,[135393],0.0,0.0
26306,[93205],0.0,0.0
14015,[57512],0.0,0.0
29858,[102492],0.0,0.0
8085,[36732],0.0,0.0
27652,[2613],0.0,0.0
26506,[93700],0.0,0.0
34894,[114899],0.0,0.0
516,[601],1.0,1.0
29832,[102441],0.0,0.0
17267,[143524],0.0,0.0
19871,[75727],0.0,0.0
30240,[103437],0.0,0.0
32888,[28819],0.0,0.0
42954,[164223],0.0,0.0
23687,[45205],0.0,0.0
38036,[122306],0.0,0.0
32249,[108615],0.0,0.0
12468,[20861],0.0,0.0
3442,[147],0.0,0.0
7358,[1089],0.0,0.0
28190,[98235],0.0,0.0
33618,[5685],0.0,0.0
14401,[25319],0.0,0.0
40843,[128559],0.0,0.0
21612,[80738],0.0,0.0
40111,[126992],0.0,0.0
38350,[11072],0.0,0.0
9594,[11695],0.0,0.0
42301,[131671],0.0,0.0
9193,[40811],0.0,0.0
32042,[214],0.0,0.0
106,[634],0.0,0.0
22655,[83569],0.0,0.0
11906,[141758],0.0,0.0
37204,[889],1.0,0.0
22595,[88795],0.0,0.0
14131,[82911],0.0,0.0
16011,[22035],0.0,0.0
27008,[95064],0.0,0.0
42753,[111835],0.0,0.0
8132,[6164],0.0,0.0
29807,[102371],0.0,0.0
27229,[95653],0.0,0.0
34585,[228],0.0,1.0
31366,[106476],0.0,0.0
15432,[26084],0.0,0.0
32901,[110175],0.0,0.0
30162,[48442],0.0,0.0
21678,[80988],0.0,0.0
3593,[5832],0.0,0.0
1292,[7280],0.0,0.0
19667,[19252],0.0,0.0
12558,[52679],0.0,0.0
18580,[43122],0.0,0.0
5893,[9213],0.0,0.0
19228,[22361],0.0,0.0
11622,[60670],0.0,0.0
28350,[22862],0.0,0.0
42035,[38899],0.0,0.0
15076,[142807],0.0,0.0
33804,[97153],0.0,0.0
34830,[149146],0.0,0.0
655,[3904],0.0,0.0
7552,[105400],0.0,0.0
35123,[115472],0.0,0.0
44791,[136958],0.0,0.0
7382,[34089],0.0,0.0
27105,[95286],0.0,0.0
28130,[11277],0.0,0.0
36945,[119594],0.0,0.0
34781,[9552],0.0,0.0
7335,[33843],0.0,0.0
22315,[82666],0.0,0.0
44302,[135898],0.0,0.0
3974,[19818],0.0,0.0
33694,[112001],0.0,0.0
9545,[28891],0.0,0.0
43289,[77601],0.0,0.0
13824,[35783],0.0,0.0
16972,[2590],0.0,0.0
23968,[1827],0.0,0.0
6807,[140071],0.0,0.0
18052,[70363],0.0,0.0
5042,[14168],0.0,0.0
15060,[364],0.0,0.0
23330,[159725],0.0,0.0
42606,[115],0.0,1.0
27405,[96148],0.0,0.0
22431,[135721],0.0,0.0
33915,[148854],0.0,0.0
28936,[3475],0.0,0.0
17773,[69406],0.0,0.0
38888,[35796],0.0,0.0
13428,[39681],0.0,0.0
40244,[14186],0.0,0.0
23882,[87070],0.0,0.0
4666,[8692],0.0,1.0
29033,[4704],0.0,0.0
10172,[1062],0.0,0.0
26251,[8019],0.0,0.0
38072,[122370],0.0,0.0
28716,[99597],0.0,0.0
27497,[3379],1.0,1.0
36153,[3814],0.0,0.0
11193,[2446],0.0,0.0
17632,[8875],0.0,0.0
44080,[115940],0.0,0.0
4572,[22285],0.0,0.0
35283,[115861],0.0,0.0
17614,[5033],0.0,0.0
34443,[3913],0.0,0.0
38207,[122662],0.0,0.0
26268,[24213],0.0,0.0
37777,[40429],0.0,0.0
19632,[42044],0.0,0.0
38107,[65824],0.0,0.0
16060,[3962],0.0,0.0
45114,[137594],0.0,0.0
42105,[151478],0.0,0.0
18693,[33758],0.0,0.0
19712,[11170],0.0,0.0
7371,[34068],0.0,0.0
15644,[62556],0.0,0.0
12586,[872],0.0,0.0
1651,[9009],0.0,0.0
34415,[77434],0.0,0.0
35165,[74296],0.0,0.0
41515,[41615],0.0,0.0
43719,[134749],0.0,0.0
26912,[94807],0.0,0.0
28371,[12103],0.0,0.0
3357,[138900],0.0,0.0
39919,[78244],0.0,0.0
8946,[39992],0.0,0.0
42196,[2215],0.0,0.0
40113,[21866],0.0,0.0
34895,[27233],0.0,0.0
4801,[23407],0.0,0.0
42576,[75986],0.0,0.0
18221,[70849],0.0,0.0
16548,[65432],0.0,0.0
12911,[142089],0.0,0.0
38057,[126116],0.0,0.0
28057,[6215],0.0,0.0
11490,[49134],0.0,0.0
5872,[14449],0.0,0.0
12665,[14352],0.0,0.0
32327,[3720],0.0,0.0
21901,[13282],0.0,0.0
15821,[157404],0.0,0.0
31617,[18289],0.0,0.0
44858,[22840],0.0,0.0
36169,[117960],0.0,0.0
34463,[37235],0.0,0.0
33891,[112488],0.0,0.0
22839,[84068],0.0,0.0
5751,[27102],0.0,0.0
36686,[118937],0.0,0.0
25663,[160422],0.0,0.0
17333,[68098],0.0,0.0
28853,[100015],0.0,0.0
21911,[39119],0.0,0.0
19496,[71241],0.0,0.0
459,[2730],0.0,0.0
24716,[25585],0.0,0.0
1721,[9014],0.0,0.0
15545,[15857],0.0,0.0
34250,[60172],0.0,0.0
23573,[6296],0.0,0.0
36944,[118919],0.0,0.0
43905,[1959],1.0,0.0
23977,[87261],0.0,0.0
27794,[89120],0.0,0.0
20703,[75534],0.0,0.0
949,[5518],0.0,0.0
5686,[26873],0.0,0.0
3635,[18372],0.0,0.0
1821,[9743],0.0,0.0
8340,[22804],0.0,0.0
23379,[85529],0.0,0.0
14474,[59061],0.0,0.0
34263,[11143],0.0,0.0
13402,[21649],0.0,0.0
3522,[2218],0.0,0.0
15320,[61499],0.0,0.0
21607,[74057],0.0,0.0
11281,[147506],0.0,0.0
4300,[21145],0.0,0.0
2654,[55451],0.0,0.0
13173,[142177],0.0,0.0
18829,[72704],0.0,0.0
26587,[3728],0.0,1.0
13374,[55125],0.0,0.0
10586,[45903],0.0,0.0
22300,[82633],0.0,0.0
34879,[114880],0.0,0.0
23034,[84604],0.0,0.0
43919,[37947],0.0,0.0
32708,[35400],0.0,0.0
36002,[117552],0.0,0.0
13262,[20362],0.0,0.0
23321,[9326],0.0,0.0
42006,[42638],0.0,0.0
24856,[7676],0.0,0.0
8965,[155274],0.0,0.0
34185,[47476],0.0,0.0
25720,[193],1.0,1.0
10412,[45203],0.0,0.0
27186,[146723],0.0,0.0
29815,[102390],0.0,0.0
33576,[111758],0.0,0.0
34652,[6032],0.0,1.0
8444,[38153],0.0,0.0
27035,[95136],0.0,0.0
30946,[67702],0.0,0.0
41203,[16606],0.0,0.0
33584,[86339],0.0,0.0
3439,[17436],0.0,0.0
2821,[14580],0.0,0.0
39162,[124857],0.0,0.0
35767,[83915],0.0,0.0
6670,[30928],0.0,0.0
8088,[30898],0.0,0.0
22117,[31199],0.0,0.0
35718,[116790],0.0,0.0
26133,[92784],0.0,0.0
10350,[45013],0.0,0.0
14509,[156977],0.0,0.0
27510,[57190],0.0,0.0
14199,[58110],0.0,0.0
16530,[157633],0.0,0.0
38263,[25822],0.0,0.0
24538,[88725],0.0,0.0
41095,[14619],0.0,0.0
99,[570],0.0,0.0
40052,[85368],0.0,0.0
25890,[14884],0.0,0.0
29264,[161512],0.0,0.0
36489,[63734],0.0,0.0
12560,[22010],0.0,0.0
1150,[1770],0.0,0.0
24159,[5655],0.0,1.0
8551,[140686],0.0,0.0
29990,[147612],0.0,0.0
25631,[160411],0.0,0.0
35141,[6788],1.0,1.0
41550,[130117],0.0,0.0
30707,[104785],0.0,0.0
5513,[77453],0.0,0.0
40087,[126948],0.0,0.0
42994,[133196],0.0,0.0
29885,[2529],1.0,0.0
8866,[36787],0.0,0.0
13731,[56443],0.0,0.0
41358,[50045],0.0,0.0
35671,[95906],0.0,0.0
12002,[50757],0.0,0.0
39093,[122050],0.0,0.0
32333,[108847],0.0,0.0
37484,[13951],0.0,0.0
36715,[163721],0.0,0.0
7300,[140260],0.0,0.0
14233,[2260],0.0,0.0
36866,[25905],0.0,0.0
28374,[161234],0.0,0.0
10653,[23410],0.0,0.0
10739,[141374],0.0,0.0
21504,[18670],0.0,0.0
33919,[112567],0.0,0.0
20835,[78560],0.0,0.0
19808,[75563],0.0,0.0
19367,[74228],0.0,0.0
32275,[49772],0.0,0.0
26043,[32878],0.0,0.0
39225,[21758],0.0,0.0
4677,[22785],0.0,0.0
31425,[2062],0.0,1.0
24052,[38720],0.0,0.0
33413,[111393],0.0,0.0
12170,[156253],0.0,0.0
6348,[1395],0.0,0.0
11341,[48643],0.0,0.0
34467,[113863],0.0,0.0
14889,[60331],0.0,0.0
15239,[761],1.0,1.0
34058,[112897],0.0,0.0
42775,[12949],0.0,0.0
34194,[15226],0.0,0.0
19888,[36481],0.0,0.0
44367,[92476],0.0,0.0
40632,[14724],0.0,0.0
14078,[57720],0.0,0.0
26604,[14143],0.0,0.0
34527,[114011],0.0,0.0
21609,[51992],0.0,0.0
9367,[41421],0.0,0.0
1736,[9366],0.0,0.0
40357,[127498],0.0,0.0
41371,[129741],0.0,0.0
6550,[30528],0.0,0.0
28721,[73111],0.0,0.0
35575,[63012],0.0,0.0
27862,[25588],0.0,0.0
28798,[26404],0.0,0.0
34606,[74757],0.0,0.0
37087,[109668],0.0,0.0
34329,[113517],0.0,0.0
40668,[128171],0.0,0.0
41269,[129502],0.0,0.0
32175,[63009],0.0,0.0
32713,[42225],0.0,0.0
9494,[41935],0.0,0.0
43236,[15164],0.0,0.0
16921,[5627],0.0,0.0
42726,[82539],0.0,0.0
10508,[2492],0.0,1.0
33439,[74805],0.0,0.0
10991,[47398],0.0,0.0
20240,[76838],0.0,0.0
1718,[9285],0.0,0.0
15036,[55985],0.0,0.0
30135,[161772],0.0,0.0
15125,[9034],0.0,0.0
3105,[15871],0.0,0.0
33053,[31225],0.0,0.0
14275,[17471],0.0,0.0
16790,[41943],0.0,0.0
11160,[47913],0.0,0.0
18334,[71139],0.0,0.0
30164,[1663],0.0,1.0
2937,[15093],0.0,0.0
7573,[3383],1.0,0.0
29805,[102361],0.0,0.0
10404,[45177],0.0,0.0
44530,[37806],0.0,0.0
40305,[31342],0.0,0.0
16994,[9998],0.0,0.0
34438,[44633],0.0,0.0
30027,[102912],0.0,0.0
21164,[144808],0.0,0.0
23485,[85897],0.0,0.0
14189,[5855],0.0,0.0
42011,[131049],0.0,0.0
33779,[112246],0.0,0.0
43922,[135190],0.0,0.0
40289,[127352],0.0,0.0
15985,[33129],0.0,0.0
1328,[5706],0.0,0.0
4019,[125885],0.0,0.0
2944,[15123],0.0,0.0
29177,[161482],0.0,0.0
32060,[56137],0.0,0.0
19704,[75229],0.0,0.0
37248,[120389],0.0,0.0
29926,[147587],0.0,0.0
10399,[3379],1.0,1.0
44933,[42348],0.0,0.0
30240,[5033],0.0,0.0
224,[1397],1.0,0.0
7558,[34776],0.0,0.0
37722,[7802],0.0,0.0
32959,[110283],0.0,0.0
44425,[61761],0.0,0.0
22837,[84065],0.0,0.0
36858,[119331],0.0,0.0
40821,[70617],0.0,0.0
3039,[42050],0.0,0.0
31699,[40470],0.0,0.0
21323,[79991],0.0,0.0
13365,[141918],0.0,0.0
33579,[403],0.0,0.0
941,[5480],0.0,0.0
20640,[158885],0.0,0.0
13966,[57344],0.0,0.0
30258,[130010],0.0,0.0
6486,[20306],0.0,0.0
10196,[12069],0.0,0.0
40159,[127084],0.0,0.0
44772,[59373],0.0,0.0
38759,[2531],0.0,0.0
8635,[27438],0.0,0.0
24075,[67717],0.0,0.0
42579,[124488],0.0,0.0
2459,[12775],0.0,0.0
40043,[10316],0.0,0.0
15551,[62167],0.0,0.0
19445,[74434],0.0,0.0
216,[1312],0.0,0.0
23342,[85415],0.0,0.0
9013,[10301],0.0,0.0
24853,[24677],0.0,0.0
3498,[73062],0.0,0.0
29350,[60995],0.0,0.0
14944,[16402],0.0,0.0
911,[5279],0.0,0.0
3956,[19706],0.0,0.0
4230,[20840],0.0,0.0
36547,[6535],0.0,0.0
16628,[65777],0.0,0.0
9057,[91757],0.0,0.0
10359,[45036],0.0,0.0
6500,[139956],0.0,0.0
43334,[165708],0.0,0.0
25577,[13769],0.0,0.0
39458,[58018],0.0,0.0
2008,[10687],0.0,0.0
14473,[30863],0.0,0.0
30979,[6765],0.0,0.0
22285,[26040],0.0,0.0
16156,[71424],0.0,0.0
40449,[1545],0.0,0.0
23762,[48829],0.0,0.0
31015,[6716],0.0,1.0
24680,[89074],0.0,0.0
15794,[63072],0.0,0.0
44490,[80840],0.0,0.0
28651,[4228],0.0,0.0
30967,[26752],0.0,0.0
43565,[134472],0.0,0.0
12034,[50848],0.0,0.0
28202,[1010],1.0,1.0
44798,[5013],0.0,0.0
29887,[63009],0.0,0.0
19379,[65276],0.0,0.0
15933,[23514],0.0,0.0
43536,[20810],0.0,0.0
30737,[104865],0.0,0.0
28606,[286],0.0,0.0
21264,[17994],0.0,0.0
3682,[153610],0.0,0.0
17947,[63252],0.0,0.0
4736,[23142],0.0,0.0
16279,[52805],0.0,0.0
10065,[141156],0.0,0.0
19898,[37],0.0,1.0
38336,[8128],0.0,1.0
42793,[454],0.0,0.0
40791,[164939],0.0,0.0
19108,[158408],0.0,0.0
21071,[79217],0.0,0.0
42607,[1647],0.0,0.0
21091,[79273],0.0,0.0
4656,[22695],0.0,0.0
28504,[8679],0.0,0.0
11213,[76084],0.0,0.0
33074,[74208],0.0,0.0
36869,[80854],0.0,0.0
37892,[121954],0.0,0.0
16000,[22112],0.0,0.0
21724,[38407],0.0,0.0
40080,[111891],0.0,0.0
23590,[86188],0.0,0.0
30057,[103004],0.0,0.0
7847,[35842],0.0,0.0
36498,[15309],0.0,0.0
21647,[199],0.0,0.0
8876,[39739],0.0,1.0
32239,[108576],0.0,0.0
36288,[16353],0.0,0.0
15887,[11200],0.0,1.0
7890,[36003],0.0,0.0
30981,[101119],0.0,0.0
29152,[26918],0.0,0.0
24516,[88675],0.0,0.0
38578,[19524],0.0,0.0
8550,[140685],0.0,0.0
38275,[3379],1.0,0.0
6434,[30038],0.0,0.0
19917,[75870],0.0,0.0
14469,[14433],0.0,0.0
2953,[31646],0.0,0.0
15135,[602],0.0,0.0
36251,[118112],0.0,0.0
17880,[8765],0.0,0.0
11294,[12751],0.0,0.0
19796,[14785],0.0,0.0
3940,[19651],0.0,0.0
17819,[5819],0.0,1.0
16019,[98455],0.0,0.0
31350,[26619],0.0,0.0
15443,[55465],0.0,0.0
39812,[25054],0.0,0.0
30433,[17252],0.0,0.0
3371,[17060],0.0,0.0
23379,[159737],0.0,0.0
43884,[152076],0.0,0.0
14746,[59859],0.0,0.0
40786,[116549],0.0,0.0
29339,[101240],0.0,0.0
11737,[49905],0.0,0.0
36206,[48632],0.0,0.0
26786,[18887],0.0,0.0
36200,[118014],0.0,0.0
496,[2922],0.0,0.0
14401,[58791],0.0,0.0
20677,[17872],0.0,0.0
9439,[140978],0.0,0.0
6355,[48572],0.0,0.0
19638,[75017],0.0,0.0
17083,[67275],0.0,0.0
32563,[563],0.0,0.0
16055,[41088],0.0,0.0
21541,[76350],0.0,0.0
39428,[4453],0.0,0.0
39939,[393],0.0,1.0
44125,[165961],0.0,0.0
34985,[115139],0.0,0.0
5663,[25419],0.0,0.0
16254,[10321],0.0,0.0
12374,[52017],0.0,0.0
38925,[25331],0.0,0.0
28775,[94423],0.0,0.0
18020,[9031],0.0,0.0
16747,[66128],0.0,0.0
23514,[85977],0.0,0.0
38532,[81603],0.0,0.0
37578,[150039],0.0,0.0
1122,[6390],0.0,0.0
8377,[10800],0.0,0.0
31932,[162297],0.0,0.0
19823,[7910],0.0,0.0
29867,[102507],0.0,0.0
37929,[122071],0.0,0.0
37123,[120128],0.0,0.0
29408,[18852],0.0,0.0
39953,[126689],0.0,0.0
18497,[71649],0.0,0.0
7424,[13799],0.0,0.0
41279,[53060],0.0,0.0
5841,[725],0.0,0.0
7314,[24441],0.0,0.0
25459,[87764],0.0,0.0
1157,[583],0.0,0.0
33763,[55741],0.0,0.0
32426,[101850],0.0,0.0
6653,[30876],0.0,0.0
10349,[6876],0.0,1.0
366,[2180],0.0,0.0
10179,[9213],0.0,0.0
3711,[18654],0.0,0.0
718,[4203],0.0,0.0
24777,[18558],0.0,0.0
15788,[63058],0.0,0.0
2965,[421],0.0,0.0
5898,[26298],0.0,0.0
24628,[62843],0.0,0.0
19698,[23837],0.0,0.0
20217,[76749],0.0,0.0
17364,[32477],0.0,0.0
19592,[74893],0.0,0.0
31827,[162269],0.0,0.0
13120,[142162],0.0,0.0
44576,[136396],0.0,0.0
8221,[37274],0.0,0.0
2444,[12161],0.0,0.0
25166,[59912],0.0,0.0
27452,[96314],0.0,0.0
11108,[47770],0.0,0.0
39165,[27350],0.0,1.0
41777,[2836],0.0,0.0
6848,[6713],0.0,0.0
2090,[11084],0.0,0.0
21030,[16113],0.0,0.0
21627,[44393],0.0,0.0
29315,[30780],0.0,0.0
14720,[16647],0.0,0.0
19390,[74303],0.0,0.0
29437,[2528],0.0,0.0
39525,[10317],0.0,0.0
35252,[37978],0.0,0.0
561,[3331],0.0,0.0
7613,[34937],0.0,0.0
5889,[27668],0.0,0.0
8663,[11170],0.0,0.0
19504,[725],0.0,0.0
1066,[6066],0.0,0.0
15613,[62412],0.0,0.0
31663,[107298],0.0,0.0
3863,[19295],0.0,0.0
9509,[33239],0.0,0.0
12257,[55457],0.0,0.0
16138,[49805],0.0,0.0
27632,[96792],0.0,0.0
34259,[11657],0.0,0.0
21479,[5644],0.0,0.0
23080,[84760],0.0,0.0
17495,[68592],0.0,0.0
29695,[161635],0.0,0.0
1922,[10227],0.0,0.0
558,[3316],0.0,0.0
14795,[98877],0.0,0.0
5876,[12739],0.0,0.0
42210,[8775],0.0,0.0
42361,[2600],0.0,0.0
41575,[889],1.0,1.0
2413,[48498],0.0,0.0
16137,[64209],0.0,0.0
28837,[99984],0.0,0.0
36010,[13383],0.0,0.0
22177,[36299],0.0,0.0
14154,[7714],0.0,1.0
21662,[80918],0.0,0.0
29640,[10811],0.0,0.0
44993,[13246],0.0,0.0
21296,[7841],0.0,0.0
8218,[37267],0.0,0.0
24838,[27326],0.0,0.0
3384,[17116],0.0,0.0
11163,[1353],0.0,0.0
20903,[78729],0.0,0.0
35889,[15810],0.0,0.0
40077,[36028],0.0,0.0
9565,[13593],0.0,0.0
39209,[39850],0.0,0.0
17252,[41574],0.0,0.0
41420,[23112],0.0,0.0
953,[5530],0.0,0.0
31537,[33486],0.0,0.0
32146,[108347],0.0,0.0
21806,[81345],0.0,0.0
32361,[108926],0.0,0.0
38120,[122468],0.0,0.0
2856,[14750],0.0,0.0
18268,[70965],0.0,0.0
11434,[48963],0.0,0.0
34362,[3943],0.0,0.0
42723,[120218],0.0,0.0
25990,[92422],0.0,0.0
34634,[42095],0.0,1.0
39338,[6921],0.0,0.0
36658,[72973],0.0,0.0
30083,[13755],0.0,0.0
34616,[7425],0.0,0.0
44203,[33652],0.0,0.0
4256,[14587],0.0,1.0
21941,[29264],0.0,0.0
35134,[115489],0.0,0.0
21726,[48314],0.0,0.0
26574,[93872],0.0,0.0
43600,[28874],0.0,0.0
4228,[20831],0.0,0.0
2196,[11565],0.0,0.0
29389,[657],1.0,1.0
15624,[18529],0.0,0.0
38301,[122926],0.0,0.0
38218,[12061],0.0,0.0
34958,[115066],0.0,0.0
28808,[8119],0.0,0.0
813,[4772],0.0,0.0
3918,[19525],0.0,0.0
16664,[143330],0.0,0.0
40925,[82629],0.0,0.0
21390,[529],1.0,1.0
9143,[40673],0.0,0.0
7633,[35028],0.0,0.0
13081,[54259],0.0,0.0
17649,[69021],0.0,0.0
4786,[23341],0.0,0.0
21838,[81427],0.0,0.0
34324,[70979],0.0,0.0
27655,[31498],0.0,0.0
16537,[25743],0.0,1.0
8292,[37532],0.0,0.0
11926,[17298],0.0,0.0
13433,[9068],0.0,0.0
37880,[23503],0.0,0.0
19001,[19663],0.0,0.0
34190,[44996],0.0,0.0
22175,[35752],0.0,0.0
14143,[57939],0.0,0.0
38490,[123370],0.0,0.0
3660,[18461],0.0,0.0
11099,[47735],0.0,0.0
7854,[30213],0.0,0.0
4723,[23092],0.0,0.0
29713,[102126],0.0,0.0
39689,[105690],0.0,0.0
34982,[93858],0.0,0.0
43483,[134311],0.0,0.0
9411,[6857],0.0,0.0
14315,[91133],0.0,0.0
4632,[22572],0.0,0.0
13798,[56768],0.0,0.0
19873,[49250],0.0,0.0
29914,[102645],0.0,0.0
27071,[95213],0.0,0.0
18428,[200],0.0,0.0
40479,[127768],0.0,0.0
25756,[10266],0.0,0.0
44749,[111829],0.0,0.0
1910,[10155],0.0,0.0
23733,[86600],0.0,0.0
11585,[21094],0.0,0.0
28391,[29489],0.0,0.0
10776,[46611],0.0,0.0
35740,[62695],0.0,0.0
17773,[56314],0.0,0.0
30797,[1950],0.0,0.0
4410,[145998],0.0,0.0
2332,[53636],0.0,0.0
32861,[162585],0.0,0.0
34875,[114874],0.0,0.0
30854,[34374],0.0,0.0
32373,[1686],0.0,0.0
522,[3089],0.0,0.0
39738,[126229],0.0,0.0
19897,[75802],0.0,0.0
37003,[1804],0.0,1.0
5268,[13905],0.0,0.0
5709,[19917],0.0,0.0
30638,[85498],0.0,0.0
11678,[49723],0.0,0.0
29299,[26787],0.0,0.0
34717,[114500],0.0,0.0
28735,[99672],0.0,0.0
23865,[116236],0.0,0.0
10848,[141406],0.0,0.0
30340,[103745],0.0,0.0
22877,[145338],0.0,0.0
4039,[20131],0.0,0.0
8894,[39816],0.0,0.0
9563,[137],0.0,0.0
31947,[107921],0.0,0.0
11844,[50273],0.0,0.0
8914,[39872],0.0,0.0
9043,[40345],0.0,0.0
44353,[166027],0.0,0.0
28422,[98826],0.0,0.0
39941,[126661],0.0,0.0
9006,[40204],0.0,0.0
15735,[18841],0.0,0.0
3589,[18074],0.0,0.0
28788,[99840],0.0,0.0
714,[152711],0.0,0.0
40676,[12214],0.0,0.0
12062,[50934],0.0,0.0
3488,[17701],0.0,0.0
5329,[3130],0.0,0.0
2294,[12050],0.0,0.0
21796,[81313],0.0,0.0
29286,[39591],0.0,0.0
24624,[49724],0.0,0.0
45132,[24034],0.0,0.0
42937,[129406],0.0,0.0
2368,[6949],0.0,0.0
13135,[54433],0.0,0.0
33408,[10597],0.0,0.0
43238,[133704],0.0,0.0
41324,[85056],0.0,0.0
4392,[21535],0.0,0.0
21728,[81160],0.0,0.0
10160,[7582],0.0,0.0
12806,[53387],0.0,0.0
37334,[72415],0.0,0.0
11540,[49342],0.0,0.0
15286,[5655],0.0,1.0
12494,[52430],0.0,0.0
25006,[89917],0.0,0.0
24873,[145988],0.0,0.0
42592,[38742],0.0,0.0
8031,[94935],0.0,0.0
41234,[1963],0.0,1.0
5819,[2451],1.0,1.0
15369,[61645],0.0,0.0
36733,[119036],0.0,0.0
5719,[54832],0.0,0.0
44159,[135610],0.0,0.0
28814,[147235],0.0,0.0
24832,[1908],0.0,0.0
19142,[73662],0.0,0.0
25139,[4616],0.0,1.0
16162,[64273],0.0,0.0
43358,[393],0.0,0.0
11450,[49019],0.0,0.0
7345,[14253],0.0,0.0
33684,[148775],0.0,0.0
44277,[99],0.0,1.0
13816,[2537],0.0,0.0
31087,[105741],0.0,0.0
32195,[79],1.0,1.0
31735,[73980],0.0,0.0
27713,[97013],0.0,0.0
11448,[156040],0.0,0.0
23857,[12427],0.0,0.0
20584,[77830],0.0,0.0
9897,[23171],0.0,0.0
31442,[73175],0.0,0.0
24669,[11576],0.0,0.0
1383,[7718],0.0,0.0
15157,[15068],0.0,0.0
21660,[38733],0.0,0.0
42273,[98270],0.0,0.0
37091,[107492],0.0,0.0
30095,[90490],0.0,0.0
35367,[4043],0.0,0.0
29054,[100507],0.0,0.0
40568,[10687],0.0,0.0
23295,[15174],0.0,0.0
24992,[160215],0.0,0.0
19773,[75477],0.0,0.0
43749,[121548],0.0,0.0
4025,[11064],0.0,0.0
41957,[130924],0.0,0.0
1864,[456],0.0,1.0
26617,[24300],0.0,0.0
45040,[106452],0.0,0.0
14963,[35853],0.0,0.0
3585,[15561],0.0,1.0
9939,[43540],0.0,0.0
14578,[156999],0.0,0.0
15992,[157456],0.0,0.0
24400,[145830],0.0,0.0
4932,[23939],0.0,0.0
12018,[50805],0.0,0.0
531,[109036],0.0,0.0
16963,[19497],0.0,0.0
32431,[7200],0.0,0.0
764,[138003],0.0,0.0
28199,[98268],0.0,0.0
38955,[124351],0.0,0.0
36643,[118864],0.0,0.0
44698,[7339],0.0,1.0
19190,[8278],0.0,0.0
19506,[117799],0.0,0.0
44780,[3222],0.0,0.0
42137,[28333],0.0,0.0
12081,[50988],0.0,0.0
15304,[61437],0.0,0.0
20352,[77113],0.0,0.0
10235,[26546],0.0,0.0
11542,[29144],0.0,0.0
18265,[2260],0.0,0.0
1144,[6486],0.0,0.0
7345,[14149],0.0,0.0
24288,[145797],0.0,0.0
32376,[16077],0.0,0.0
16582,[65551],0.0,0.0
15520,[39938],0.0,0.0
44326,[19928],0.0,0.0
17075,[67251],0.0,0.0
42664,[27808],0.0,0.0
10853,[46896],0.0,0.0
24393,[88315],0.0,0.0
13251,[142205],0.0,0.0
14124,[35614],0.0,0.0
35855,[7661],0.0,0.0
36825,[119244],0.0,0.0
17661,[69045],0.0,0.0
19017,[73230],0.0,0.0
18601,[922],1.0,0.0
28601,[48011],0.0,0.0
1180,[1141],0.0,0.0
67,[4538],0.0,0.0
23092,[84776],0.0,0.0
40228,[124438],0.0,0.0
26751,[94380],0.0,0.0
1633,[8929],0.0,0.0
2383,[9984],0.0,1.0
36590,[1010],1.0,0.0
24967,[89811],0.0,0.0
12052,[50898],0.0,0.0
11277,[54573],0.0,0.0
19530,[74740],0.0,0.0
36444,[130259],0.0,0.0
33480,[99392],0.0,0.0
24642,[9273],0.0,0.0
17360,[68167],0.0,0.0
25835,[40669],0.0,0.0
41982,[131003],0.0,0.0
12817,[111865],0.0,0.0
29209,[9779],0.0,0.0
44455,[23580],0.0,0.0
24428,[145838],0.0,0.0
32028,[7982],0.0,0.0
18036,[70303],0.0,0.0
36730,[536],1.0,1.0
33322,[111121],0.0,0.0
2810,[14529],0.0,0.0
31861,[114663],0.0,0.0
19741,[75355],0.0,0.0
18980,[73104],0.0,0.0
16827,[1342],0.0,0.0
32721,[109782],0.0,0.0
36192,[117996],0.0,0.0
10580,[45878],0.0,0.0
36290,[51708],0.0,0.0
29225,[83319],0.0,0.0
38761,[139],0.0,1.0
10199,[2339],1.0,0.0
27431,[96228],0.0,0.0
40738,[128340],0.0,0.0
27773,[97164],0.0,0.0
12598,[14113],0.0,0.0
15860,[143062],0.0,0.0
31500,[106797],0.0,0.0
40560,[1116],0.0,0.0
33377,[85503],0.0,0.0
41411,[165126],0.0,0.0
15735,[62906],0.0,0.0
14475,[59066],0.0,0.0
6795,[24255],0.0,0.0
14751,[59881],0.0,0.0
7227,[12217],0.0,0.0
8040,[154967],0.0,0.0
2221,[11677],0.0,0.0
3871,[2178],0.0,0.0
20365,[63072],0.0,0.0
31891,[8870],0.0,0.0
42389,[79881],0.0,0.0
13818,[23592],0.0,0.0
25363,[5806],0.0,0.0
13302,[142218],0.0,0.0
16825,[8651],0.0,0.0
19032,[73280],0.0,0.0
29379,[1804],0.0,0.0
16531,[12205],0.0,0.0
43817,[165873],0.0,0.0
19808,[56641],0.0,0.0
20100,[76395],0.0,0.0
12709,[53159],0.0,0.0
6111,[28518],0.0,0.0
14462,[8819],0.0,0.0
15334,[8644],0.0,0.0
26299,[146439],0.0,0.0
23006,[16992],0.0,0.0
3278,[16601],0.0,0.0
14959,[57117],0.0,0.0
41691,[1607],0.0,0.0
40640,[128086],0.0,0.0
35757,[17059],0.0,0.0
6044,[24207],0.0,0.0
27740,[97075],0.0,0.0
11393,[141576],0.0,0.0
7933,[36149],0.0,0.0
32013,[134726],0.0,0.0
12397,[2639],0.0,0.0
19126,[144123],0.0,0.0
35288,[115873],0.0,0.0
17375,[92508],0.0,0.0
29453,[16462],0.0,0.0
43089,[35975],0.0,0.0
43724,[30863],0.0,1.0
44415,[34205],0.0,0.0
18267,[143850],0.0,0.0
26467,[28391],0.0,0.0
5766,[27161],0.0,0.0
16267,[25454],0.0,0.0
36587,[149730],0.0,0.0
17178,[37948],0.0,0.0
33101,[148583],0.0,0.0
4955,[24038],0.0,0.0
25575,[26010],0.0,0.0
4479,[139285],0.0,0.0
733,[152717],0.0,0.0
27258,[49579],0.0,0.0
10624,[46034],0.0,0.0
16544,[26216],0.0,0.0
30219,[75931],0.0,0.0
29008,[7555],0.0,0.0
13502,[55613],0.0,0.0
16497,[157625],0.0,0.0
14831,[60149],0.0,0.0
934,[138061],0.0,0.0
28565,[99216],0.0,0.0
44182,[22218],0.0,0.0
9431,[38223],0.0,0.0
32409,[8686],0.0,0.0
343,[30118],0.0,0.0
8099,[36795],0.0,0.0
35813,[62734],0.0,0.0
9455,[155412],0.0,0.0
16405,[82],0.0,0.0
29620,[36002],0.0,0.0
28382,[129099],0.0,0.0
7948,[6438],0.0,0.0
15812,[13312],0.0,0.0
25861,[16669],0.0,1.0
26823,[11695],0.0,0.0
32915,[110194],0.0,0.0
16672,[19423],0.0,0.0
12859,[889],1.0,0.0
2016,[10756],0.0,0.0
14068,[32252],0.0,0.0
4381,[6960],0.0,0.0
27865,[97406],0.0,0.0
1072,[6106],0.0,1.0
25121,[160260],0.0,0.0
17876,[29758],0.0,0.0
42518,[52782],0.0,0.0
18617,[3105],0.0,0.0
42633,[21399],0.0,0.0
26569,[1668],0.0,0.0
42379,[20405],0.0,1.0
42625,[81164],0.0,0.0
884,[4091],0.0,0.0
40560,[30571],0.0,0.0
20902,[78726],0.0,0.0
22609,[20271],0.0,0.0
14760,[22863],0.0,0.0
17615,[68948],0.0,0.0
38134,[19260],0.0,0.0
33421,[103883],0.0,0.0
362,[2158],0.0,0.0
18965,[7258],0.0,0.0
1739,[9382],0.0,0.0
6055,[28296],0.0,0.0
5259,[38831],0.0,0.0
14689,[59711],0.0,0.0
2813,[12814],0.0,0.0
15255,[61285],0.0,0.0
33052,[2179],0.0,0.0
18609,[40044],0.0,0.0
20568,[158861],0.0,0.0
25889,[58144],0.0,0.0
21361,[80114],0.0,0.0
31945,[6986],0.0,0.0
1069,[152827],0.0,0.0
18426,[30692],0.0,0.0
8309,[37575],0.0,0.0
9289,[91442],0.0,0.0
3323,[13477],0.0,0.0
19681,[75172],0.0,0.0
21625,[26951],0.0,0.0
19203,[40530],0.0,0.0
18739,[72388],0.0,0.0
29388,[101341],0.0,0.0
2646,[8957],0.0,1.0
42183,[41326],0.0,0.0
11797,[156140],0.0,0.0
29992,[53252],0.0,0.0
19727,[75313],0.0,0.0
7191,[5929],0.0,0.0
41574,[130167],0.0,0.0
12647,[52962],0.0,0.0
37812,[37606],0.0,0.0
29209,[100888],0.0,0.0
10304,[44824],0.0,1.0
37880,[121932],0.0,0.0
6863,[31725],0.0,0.0
23568,[86113],0.0,0.0
41954,[141404],0.0,0.0
16637,[38571],0.0,0.0
30923,[1480],1.0,1.0
41999,[25742],0.0,0.0
44241,[152183],0.0,0.0
16586,[65600],0.0,0.0
28359,[98649],0.0,0.0
4674,[146417],0.0,0.0
27474,[456],0.0,0.0
43776,[12602],0.0,0.0
13055,[54173],0.0,0.0
14545,[28768],0.0,0.0
1667,[9084],0.0,0.0
34575,[114107],0.0,0.0
32927,[24243],0.0,0.0
1805,[9665],0.0,0.0
7764,[35531],0.0,0.0
22609,[83440],0.0,0.0
44621,[25556],0.0,0.0
42343,[36516],0.0,0.0
26535,[64872],0.0,0.0
34752,[114586],0.0,0.0
4574,[22297],0.0,0.0
26765,[58589],0.0,0.0
33199,[110857],0.0,0.0
33904,[112520],0.0,0.0
10194,[44465],0.0,0.0
18826,[72695],0.0,0.0
14000,[146051],0.0,0.0
34407,[32909],0.0,0.0
5022,[24318],0.0,0.0
42050,[14214],0.0,0.0
29484,[16031],0.0,0.0
20085,[46761],0.0,0.0
20885,[8238],0.0,0.0
37937,[41486],0.0,0.0
7521,[34639],0.0,0.0
41602,[62740],0.0,0.0
30582,[104343],0.0,0.0
14203,[58123],0.0,0.0
41480,[38781],0.0,0.0
20814,[78497],0.0,0.0
18964,[70452],0.0,0.0
2652,[138642],0.0,0.0
40573,[127947],0.0,0.0
9833,[43128],0.0,0.0
21656,[42270],0.0,0.0
18463,[71520],0.0,0.0
5472,[26108],0.0,0.0
37596,[9942],0.0,1.0
20662,[144634],0.0,0.0
1439,[4717],0.0,0.0
79,[472],0.0,0.0
20231,[76779],0.0,0.0
9645,[3011],0.0,0.0
44282,[77619],0.0,0.0
21997,[3551],0.0,0.0
38873,[22244],0.0,0.0
14204,[55462],0.0,0.0
39608,[13710],0.0,0.0
3633,[846],0.0,1.0
36838,[119276],0.0,0.0
9472,[5265],0.0,1.0
26166,[1335],0.0,0.0
31178,[158644],0.0,0.0
30298,[8411],0.0,0.0
2517,[13124],0.0,0.0
27581,[686],0.0,0.0
30985,[161998],0.0,0.0
10607,[49696],0.0,0.0
22104,[24377],0.0,0.0
9893,[43374],0.0,0.0
40008,[26265],0.0,0.0
8337,[37674],0.0,0.0
2877,[138724],0.0,0.0
28924,[161405],0.0,0.0
14918,[7911],0.0,0.0
24650,[88969],0.0,0.0
23970,[133361],0.0,0.0
5762,[27152],0.0,0.0
38028,[4465],0.0,0.0
11794,[50067],0.0,0.0
20425,[25611],0.0,0.0
39463,[125618],0.0,0.0
20479,[41477],0.0,0.0
6737,[31166],0.0,0.0
7445,[34361],0.0,0.0
37946,[19595],0.0,0.0
16349,[64816],0.0,0.0
36824,[31064],0.0,0.0
31672,[5423],0.0,0.0
40816,[128488],0.0,0.0
35119,[16975],0.0,0.0
14324,[14018],0.0,0.0
38457,[79028],0.0,0.0
16219,[143183],0.0,0.0
26580,[1572],0.0,1.0
11524,[156058],0.0,0.0
1523,[138260],0.0,0.0
18623,[71982],0.0,0.0
30500,[104178],0.0,0.0
15418,[32052],0.0,0.0
12795,[53363],0.0,0.0
12407,[141934],0.0,0.0
36915,[8805],0.0,0.0
18733,[11662],0.0,0.0
26313,[101328],0.0,0.0
26062,[64596],0.0,0.0
25287,[1747],0.0,0.0
10892,[29793],0.0,0.0
38959,[124354],0.0,0.0
14952,[6927],0.0,0.0
35464,[93812],0.0,0.0
36644,[45711],0.0,0.0
22713,[79923],0.0,0.0
33394,[111289],0.0,0.0
33350,[18425],0.0,0.0
8247,[16094],0.0,0.0
11446,[49005],0.0,0.0
9713,[42701],0.0,0.0
20478,[8077],0.0,0.0
41857,[58347],0.0,0.0
34873,[12861],0.0,0.0
35257,[12198],0.0,0.0
28501,[99042],0.0,0.0
40556,[93219],0.0,0.0
36814,[163749],0.0,0.0
24922,[62163],0.0,0.0
24997,[12373],0.0,0.0
35112,[41584],0.0,0.0
3213,[14098],0.0,0.0
1534,[8433],0.0,0.0
18347,[10354],0.0,0.0
19639,[70844],0.0,0.0
32426,[109078],0.0,0.0
1973,[10523],0.0,0.0
44658,[166116],0.0,0.0
11705,[49787],0.0,0.0
23919,[87132],0.0,0.0
39963,[146818],0.0,0.0
9169,[25454],0.0,0.0
33036,[13194],0.0,0.0
34369,[113610],0.0,0.0
9476,[41858],0.0,0.0
44405,[56137],0.0,0.0
42682,[132518],0.0,0.0
23313,[85354],0.0,0.0
40205,[24620],0.0,0.0
28270,[147067],0.0,0.0
38740,[123881],0.0,0.0
25826,[85754],0.0,0.0
17860,[69724],0.0,0.0
4450,[48922],0.0,0.0
24228,[87864],0.0,0.0
35144,[5807],0.0,0.0
15487,[157291],0.0,0.0
3686,[139020],0.0,0.0
18912,[72913],0.0,0.0
7245,[33474],0.0,0.0
37945,[45606],0.0,0.0
1244,[7032],0.0,0.0
28225,[7624],0.0,0.0
17777,[69485],0.0,0.0
28230,[92210],0.0,0.0
20120,[33473],0.0,0.0
2262,[11896],0.0,0.0
1656,[9048],0.0,0.0
6996,[32313],0.0,0.0
37369,[50263],0.0,0.0
44163,[54457],0.0,0.0
19835,[38574],0.0,1.0
19043,[29300],0.0,0.0
15174,[31925],0.0,0.0
4783,[23331],0.0,0.0
5298,[25394],0.0,0.0
24265,[13010],0.0,0.0
10265,[40120],0.0,0.0
21395,[80199],0.0,0.0
22058,[82085],0.0,0.0
3181,[16193],0.0,0.0
17108,[24185],0.0,1.0
18745,[55325],0.0,0.0
23517,[64804],0.0,0.0
17221,[48272],0.0,0.0
3125,[15956],0.0,0.0
14716,[59788],0.0,0.0
43277,[95422],0.0,0.0
16924,[66726],0.0,0.0
29679,[102062],0.0,0.0
17088,[17972],0.0,0.0
25533,[18085],0.0,0.0
20797,[53455],0.0,0.0
43468,[165750],0.0,0.0
42067,[2310],0.0,0.0
14873,[60276],0.0,0.0
29992,[102823],0.0,0.0
10600,[45964],0.0,0.0
42051,[131174],0.0,0.0
1646,[87617],0.0,0.0
16221,[26158],0.0,0.0
3373,[99026],0.0,0.0
43611,[170],0.0,0.0
24567,[88768],0.0,0.0
32459,[109166],0.0,0.0
38499,[5164],0.0,0.0
6481,[7277],0.0,0.0
31692,[107374],0.0,0.0
3466,[13381],0.0,0.0
17634,[68991],0.0,0.0
42668,[110322],0.0,0.0
43749,[134826],0.0,0.0
13398,[46464],0.0,0.0
18393,[71335],0.0,0.0
24610,[88879],0.0,0.0
42908,[39302],0.0,0.0
18987,[5890],0.0,0.0
15110,[60879],0.0,0.0
8575,[38644],0.0,0.0
37320,[9107],0.0,1.0
10141,[5926],0.0,0.0
36554,[118683],0.0,0.0
12741,[18],0.0,0.0
18735,[19692],0.0,0.0
1858,[29182],0.0,0.0
9346,[15822],0.0,0.0
40560,[2866],0.0,0.0
1074,[60005],0.0,0.0
8555,[38566],0.0,1.0
17164,[10568],0.0,0.0
20322,[76052],0.0,0.0
30699,[8824],0.0,0.0
44702,[62870],0.0,0.0
40101,[126973],0.0,0.0
14321,[142569],0.0,0.0
33553,[111709],0.0,0.0
3216,[16313],0.0,0.0
28830,[2069],0.0,1.0
23389,[145491],0.0,0.0
35770,[116939],0.0,0.0
11479,[11305],1.0,0.0
5815,[6697],0.0,1.0
19343,[2703],0.0,0.0
20162,[1575],0.0,0.0
9111,[94815],0.0,0.0
22362,[48918],0.0,0.0
36791,[52757],0.0,0.0
21455,[80352],0.0,0.0
32395,[13174],0.0,0.0
44849,[1419],0.0,1.0
25240,[49421],0.0,0.0
7156,[149593],0.0,0.0
9963,[43631],0.0,0.0
42037,[165311],0.0,0.0
19799,[2707],0.0,0.0
6276,[29202],0.0,0.0
23669,[73935],0.0,0.0
23160,[47638],0.0,0.0
4008,[1686],0.0,1.0
37825,[57952],0.0,0.0
22746,[30396],0.0,0.0
22429,[57576],0.0,0.0
22741,[69480],0.0,0.0
14237,[58228],0.0,0.0
9306,[28897],0.0,0.0
13096,[47414],0.0,0.0
25885,[39591],0.0,0.0
30735,[104857],0.0,0.0
15430,[61836],0.0,0.0
23840,[59499],0.0,0.0
359,[7751],0.0,0.0
29248,[53939],0.0,0.0
14730,[114102],0.0,0.0
14061,[57646],0.0,0.0
7345,[33972],0.0,0.0
35146,[1910],0.0,0.0
7099,[412],0.0,1.0
22409,[78419],0.0,0.0
36906,[119503],0.0,0.0
27170,[160857],0.0,0.0
36713,[163720],0.0,0.0
29216,[100905],0.0,0.0
13092,[54286],0.0,0.0
2327,[12207],0.0,0.0
37575,[101876],0.0,0.0
40214,[127202],0.0,0.0
22129,[82230],0.0,0.0
39769,[91446],0.0,0.0
28587,[99265],0.0,0.0
7455,[34398],0.0,0.0
40147,[22118],0.0,0.0
29992,[14374],0.0,0.0
14032,[57574],0.0,0.0
270,[1648],0.0,1.0
3220,[5789],0.0,0.0
40780,[42889],0.0,0.0
27200,[36074],0.0,0.0
20185,[70882],0.0,0.0
31617,[54705],0.0,0.0
31081,[105723],0.0,0.0
19687,[75187],0.0,0.0
35814,[3082],0.0,0.0
27374,[25271],0.0,0.0
35794,[116985],0.0,0.0
18037,[6980],0.0,1.0
6685,[30973],0.0,0.0
32951,[3882],1.0,0.0
14452,[49591],0.0,0.0
36182,[117977],0.0,0.0
42043,[98075],0.0,0.0
31588,[86244],0.0,0.0
32362,[4156],0.0,0.0
34864,[25713],0.0,0.0
42386,[131866],0.0,0.0
40897,[128692],0.0,0.0
14177,[1487],0.0,0.0
12727,[8122],0.0,1.0
35870,[12106],0.0,0.0
22182,[17321],0.0,0.0
31471,[81503],0.0,0.0
3654,[18440],0.0,0.0
26148,[27054],0.0,0.0
111,[122333],0.0,0.0
4884,[23715],0.0,0.0
39506,[125739],0.0,0.0
27801,[97241],0.0,0.0
9356,[41374],0.0,0.0
36245,[163586],0.0,0.0
43112,[133449],0.0,0.0
24433,[42994],0.0,0.0
15796,[12326],0.0,0.0
22956,[84375],0.0,0.0
15741,[62937],0.0,0.0
18103,[70496],0.0,0.0
7889,[25081],0.0,1.0
11233,[141530],0.0,0.0
15062,[60757],0.0,0.0
24046,[65428],0.0,0.0
12206,[17959],0.0,0.0
14529,[1330],0.0,0.0
16281,[3190],0.0,1.0
15084,[60808],0.0,0.0
17723,[69246],0.0,0.0
16960,[12280],0.0,0.0
28016,[34383],0.0,0.0
20475,[77501],0.0,0.0
1186,[6032],0.0,0.0
20490,[11261],0.0,0.0
24105,[5410],0.0,0.0
24164,[52489],0.0,0.0
21873,[1987],0.0,0.0
31524,[965],0.0,0.0
18907,[72901],0.0,0.0
3218,[125064],0.0,0.0
39502,[97356],0.0,0.0
15168,[21803],0.0,0.0
19847,[75658],0.0,0.0
6339,[29531],0.0,0.0
26236,[1120],1.0,0.0
42660,[80267],0.0,0.0
2040,[10860],0.0,0.0
44474,[136228],0.0,0.0
19075,[73414],0.0,0.0
36566,[65809],0.0,0.0
9581,[42198],0.0,0.0
4917,[23853],0.0,0.0
12353,[194],0.0,0.0
13485,[48842],0.0,0.0
33718,[112061],0.0,0.0
31532,[20165],0.0,0.0
33769,[91228],0.0,0.0
33968,[17493],0.0,0.0
39519,[29543],0.0,0.0
30795,[23624],0.0,0.0
42995,[4595],0.0,0.0
5627,[86411],0.0,0.0
40936,[4778],0.0,0.0
9598,[42268],0.0,0.0
24687,[89091],0.0,0.0
33755,[112151],0.0,0.0
13796,[17087],0.0,0.0
17485,[50531],0.0,0.0
33369,[111240],0.0,0.0
10780,[8491],0.0,0.0
36420,[118444],0.0,0.0
1132,[53387],0.0,0.0
36215,[24978],0.0,0.0
39036,[103711],0.0,0.0
1841,[9853],0.0,0.0
3330,[1507],0.0,0.0
10945,[14081],0.0,0.0
37745,[121602],0.0,0.0
39834,[25065],0.0,0.0
3256,[45325],0.0,0.0
13875,[57079],0.0,0.0
34691,[108060],0.0,0.0
30480,[104128],0.0,0.0
29290,[41020],0.0,0.0
11706,[49792],0.0,0.0
7748,[84638],0.0,0.0
44378,[45004],0.0,0.0
13639,[23180],0.0,0.0
738,[4308],0.0,0.0
33080,[9995],0.0,0.0
944,[5494],0.0,0.0
32487,[148395],0.0,0.0
13998,[17550],0.0,0.0
43136,[157613],0.0,0.0
34553,[98],0.0,0.0
19316,[10687],0.0,0.0
27011,[59864],0.0,0.0
863,[4996],0.0,0.0
7429,[26877],0.0,0.0
25882,[146307],0.0,0.0
14532,[49772],0.0,0.0
5768,[8566],0.0,0.0
27360,[93604],0.0,0.0
31998,[148249],0.0,0.0
29318,[64444],0.0,0.0
32886,[110135],0.0,0.0
6827,[31553],0.0,0.0
29641,[14321],0.0,1.0
42527,[32182],0.0,0.0
35137,[28575],0.0,0.0
28420,[27448],0.0,0.0
31950,[148232],0.0,0.0
26847,[43031],0.0,0.0
35072,[100045],0.0,0.0
1302,[7326],0.0,0.0
22443,[22839],0.0,0.0
27533,[22606],0.0,0.0
31705,[107403],0.0,0.0
5308,[42269],0.0,0.0
8901,[12714],0.0,0.0
37834,[14751],0.0,1.0
40664,[28768],0.0,0.0
19664,[512],0.0,1.0
17713,[64431],0.0,0.0
29461,[76382],0.0,0.0
42976,[10216],0.0,0.0
29395,[161549],0.0,0.0
40050,[63943],0.0,0.0
2707,[13991],0.0,0.0
38441,[150305],0.0,0.0
14405,[58864],0.0,0.0
5137,[22156],0.0,0.0
34147,[113145],0.0,0.0
26804,[94551],0.0,0.0
11414,[113416],0.0,0.0
3637,[18379],0.0,0.0
37345,[43000],0.0,0.0
37573,[121254],0.0,0.0
34956,[7910],0.0,0.0
5267,[5016],0.0,1.0
21272,[1696],1.0,0.0
4640,[22603],0.0,0.0
28399,[40964],0.0,0.0
4465,[21831],0.0,0.0
24316,[3207],0.0,0.0
25591,[91434],0.0,0.0
10881,[46977],0.0,0.0
27742,[97083],0.0,0.0
14031,[12543],0.0,0.0
44650,[152305],0.0,0.0
5075,[7361],0.0,0.0
34014,[105664],0.0,0.0
15080,[18493],0.0,1.0
41637,[18085],0.0,0.0
42155,[131381],0.0,0.0
39272,[34638],0.0,0.0
29349,[36326],0.0,0.0
23479,[8482],0.0,0.0
30879,[47492],0.0,0.0
34256,[1248],0.0,0.0
277,[1688],0.0,0.0
9040,[32488],0.0,0.0
11864,[816],0.0,0.0
2590,[13442],0.0,0.0
25700,[146252],0.0,0.0
25816,[24108],0.0,0.0
37025,[119876],0.0,0.0
14188,[30842],0.0,0.0
27268,[49122],0.0,0.0
39326,[8482],0.0,0.0
19945,[1889],0.0,0.0
41470,[48403],0.0,0.0
19973,[13656],0.0,0.0
32050,[17785],0.0,0.0
25252,[90586],0.0,0.0
26471,[93610],0.0,0.0
7463,[34419],0.0,0.0
39557,[8987],0.0,0.0
1272,[7091],0.0,0.0
38987,[58345],0.0,0.0
36904,[163784],0.0,0.0
20063,[72336],0.0,0.0
31730,[107476],0.0,0.0
36828,[25571],0.0,0.0
37389,[16820],0.0,0.0
5335,[154103],0.0,0.0
10442,[141276],0.0,0.0
11072,[47635],0.0,0.0
14626,[142663],0.0,0.0
11831,[250],0.0,0.0
44466,[136218],0.0,0.0
40603,[14384],0.0,0.0
42680,[29189],0.0,0.0
29412,[101400],0.0,0.0
27684,[10648],0.0,0.0
2681,[13862],0.0,0.0
29070,[147307],0.0,0.0
20648,[78020],0.0,0.0
31401,[31121],0.0,0.0
7910,[36080],0.0,0.0
7439,[16669],0.0,0.0
14433,[22112],0.0,1.0
35808,[95924],0.0,0.0
43270,[133769],0.0,0.0
39423,[146502],0.0,0.0
43112,[9704],0.0,0.0
26164,[50598],0.0,0.0
24330,[88107],0.0,0.0
25329,[16313],0.0,0.0
34213,[27989],0.0,0.0
34741,[31942],0.0,0.0
7159,[22448],0.0,0.0
16949,[4497],0.0,0.0
14851,[4874],0.0,0.0
40215,[15588],0.0,0.0
14596,[59437],0.0,0.0
35815,[117110],0.0,0.0
24132,[4143],0.0,1.0
5092,[13504],0.0,0.0
28737,[99690],0.0,0.0
1710,[9254],0.0,0.0
33104,[14453],0.0,0.0
15653,[62648],0.0,0.0
902,[5236],0.0,0.0
10397,[45144],0.0,0.0
43302,[133864],0.0,0.0
22422,[82956],0.0,0.0
30863,[2658],0.0,1.0
4945,[79208],0.0,0.0
17635,[5301],0.0,0.0
34413,[113704],0.0,0.0
36271,[69644],0.0,0.0
38256,[164191],0.0,0.0
16841,[101174],0.0,0.0
15758,[36929],0.0,0.0
22931,[84298],0.0,0.0
29660,[147515],0.0,0.0
39886,[78791],0.0,0.0
29008,[1804],0.0,1.0
9773,[24578],0.0,0.0
44209,[135724],0.0,0.0
6593,[2612],0.0,1.0
5512,[26250],0.0,0.0
16325,[143222],0.0,0.0
26443,[160634],0.0,0.0
15803,[63092],0.0,0.0
30105,[3138],1.0,1.0
12964,[3225],0.0,0.0
26540,[93765],0.0,0.0
12330,[28221],0.0,0.0
9251,[10039],0.0,0.0
19169,[73748],0.0,0.0
14740,[2395],0.0,0.0
18027,[70257],0.0,0.0
29399,[101364],0.0,0.0
7882,[21074],0.0,0.0
743,[4345],0.0,0.0
2301,[12089],0.0,0.0
18650,[72101],0.0,0.0
24661,[89000],0.0,0.0
29446,[36345],0.0,0.0
10826,[73289],0.0,0.0
17790,[4634],0.0,0.0
17097,[67307],0.0,0.0
24018,[3620],0.0,0.0
20532,[9760],0.0,0.0
15261,[25964],0.0,0.0
11989,[50705],0.0,0.0
37437,[1603],0.0,0.0
17714,[133340],0.0,0.0
38474,[119042],0.0,0.0
24349,[34313],0.0,0.0
25358,[74657],0.0,0.0
29811,[17014],0.0,0.0
17024,[39768],0.0,0.0
13764,[115],0.0,1.0
14776,[1928],1.0,1.0
3833,[151051],0.0,0.0
33537,[148722],0.0,0.0
5128,[23765],0.0,0.0
10255,[7238],0.0,0.0
9848,[43187],0.0,0.0
42901,[37738],0.0,0.0
14582,[59377],0.0,0.0
23985,[87273],0.0,0.0
3318,[40709],0.0,0.0
35220,[16610],0.0,0.0
24914,[30761],0.0,0.0
1197,[6770],0.0,0.0
12445,[156328],0.0,0.0
23047,[25651],0.0,0.0
9639,[42425],0.0,0.0
4422,[21670],0.0,0.0
31514,[70797],0.0,0.0
20044,[58865],0.0,0.0
29386,[147419],0.0,0.0
33417,[111408],0.0,0.0
1511,[8324],0.0,0.0
35426,[116172],0.0,0.0
15597,[62366],0.0,0.0
17043,[143450],0.0,0.0
5766,[27163],0.0,0.0
31079,[12508],0.0,0.0
627,[3767],0.0,0.0
35879,[9213],0.0,0.0
29515,[5218],0.0,0.0
34109,[25554],0.0,0.0
18219,[70844],0.0,0.0
44983,[152421],0.0,0.0
38609,[54646],0.0,0.0
637,[3819],0.0,0.0
43182,[15195],0.0,0.0
41255,[129450],0.0,0.0
19863,[144365],0.0,0.0
4721,[9108],0.0,0.0
6063,[72568],0.0,0.0
44914,[64700],0.0,0.0
9846,[15965],0.0,0.0
26300,[18078],0.0,0.0
31130,[68726],0.0,0.0
33534,[148721],0.0,0.0
18882,[72845],0.0,0.0
616,[3700],0.0,0.0
17045,[20264],0.0,0.0
44509,[6760],0.0,0.0
41693,[151325],0.0,0.0
12658,[53011],0.0,0.0
40489,[164847],0.0,0.0
21425,[80277],0.0,0.0
27457,[96343],0.0,0.0
14014,[57509],0.0,0.0
38085,[109536],0.0,0.0
34144,[113139],0.0,0.0
42555,[9119],0.0,0.0
15764,[140055],0.0,0.0
36007,[2678],0.0,0.0
33010,[7575],0.0,0.0
9910,[43451],0.0,0.0
30630,[13288],0.0,0.0
31075,[6353],0.0,1.0
16517,[25520],0.0,0.0
23551,[159802],0.0,0.0
18991,[73142],0.0,0.0
4473,[5282],0.0,0.0
37023,[163823],0.0,0.0
16809,[11789],0.0,0.0
27002,[95040],0.0,0.0
18881,[8250],0.0,0.0
21645,[80856],0.0,0.0
1005,[5512],0.0,0.0
6028,[25998],0.0,1.0
33210,[392],0.0,0.0
26,[160],0.0,0.0
11777,[156134],0.0,0.0
295,[1786],0.0,0.0
34178,[113208],0.0,0.0
24161,[87704],0.0,0.0
7078,[1919],1.0,1.0
7231,[33426],0.0,0.0
30795,[51266],0.0,0.0
23247,[85202],0.0,0.0
697,[4120],0.0,0.0
25149,[146081],0.0,0.0
5048,[24454],0.0,0.0
20827,[78537],0.0,0.0
9726,[42755],0.0,0.0
40483,[130477],0.0,0.0
9816,[43090],0.0,0.0
12773,[43074],0.0,0.0
21630,[5318],0.0,0.0
6817,[14609],0.0,0.0
28017,[97777],0.0,0.0
16863,[26764],0.0,0.0
41696,[130417],0.0,0.0
16766,[66181],0.0,0.0
786,[4577],0.0,0.0
20587,[40365],0.0,0.0
22848,[54608],0.0,0.0
9398,[8325],0.0,0.0
16916,[66671],0.0,0.0
6522,[11878],0.0,0.0
28583,[99256],0.0,0.0
3276,[16592],0.0,0.0
25849,[89005],0.0,0.0
25409,[236],0.0,0.0
42552,[132233],0.0,0.0
39824,[11510],0.0,0.0
14339,[58598],0.0,0.0
24102,[87554],0.0,0.0
36147,[64315],0.0,0.0
22857,[12425],0.0,0.0
31287,[30993],0.0,0.0
38681,[363],1.0,0.0
28828,[8413],0.0,1.0
18135,[57971],0.0,0.0
41557,[130141],0.0,0.0
1650,[128523],0.0,0.0
1076,[6130],0.0,0.0
19170,[286],0.0,0.0
22691,[83670],0.0,0.0
22151,[82285],0.0,0.0
9605,[19436],0.0,0.0
25707,[63493],0.0,0.0
27626,[96780],0.0,0.0
36836,[14808],0.0,0.0
672,[3997],0.0,0.0
9139,[40657],0.0,0.0
26011,[24470],0.0,0.0
36621,[1120],1.0,0.0
37512,[3562],0.0,0.0
38783,[68484],0.0,0.0
36626,[46316],0.0,0.0
38455,[62188],0.0,0.0
3249,[16455],0.0,0.0
16210,[64405],0.0,0.0
17675,[69091],0.0,0.0
40732,[4659],0.0,0.0
44761,[152340],0.0,0.0
23319,[374],0.0,0.0
9797,[14113],0.0,0.0
32902,[110178],0.0,0.0
30885,[12536],0.0,0.0
39435,[29221],0.0,0.0
41316,[129611],0.0,0.0
39477,[125668],0.0,0.0
20297,[2571],1.0,0.0
